0	0	-2384.43482258612357	0
1	0	644.6309179822548	0
1	1	1212.33440607472153	796.469448958857129
2	0	569.859268883380651	0
2	1	665.632417147592946	634.879855861399051
2	2	836.089015272758274	169.657311351462113
3	0	-161.150179794017447	0
3	1	-310.731875623495569	245.290199162889792
3	2	889.376005186935458	-914.099345133890779
3	3	274.554385896795281	1141.27135720287652
4	0	354.178516793628319	0
4	1	-446.133669994443778	-517.219551985240741
4	2	765.064410462860906	-152.82270532732602
4	3	732.595470311372424	-250.549543569741729
4	4	122.563328036992985	-932.732630052181889
5	0	-551.908983339178576	0
5	1	-76.2542641508827757	-143.712737093429638
5	2	44.1319438335086929	312.624573650572302
5	3	257.728417183795216	76.7010476894164839
5	4	-1053.07201050134904	130.70377715406471
5	5	-105.229450044156053	448.165713289128348
6	0	252.782046717563844	0
6	1	4.28859240251353135	-346.106204300956335
6	2	-50.4443246377484158	273.413194030865156
6	3	107.348565910256482	376.416215967400547
6	4	-396.826975606569818	347.49332529374351
6	5	-219.956294002864098	-407.446591839532459
6	6	-77.6038315576732458	-53.3431559953926779
7	0	-284.82026622809866	0
7	1	48.6395366382072538	400.563818225655609
7	2	-353.112942966240894	-54.2552307394055191
7	3	-138.679675679031817	35.664641767986403
7	4	509.073470776308	-71.359726237494769
7	5	7.04507650623129145	-20.9013477316267782
7	6	116.792577639881074	217.162880736627159
7	7	-52.2402756845980747	-201.700598764049033
8	0	20.2536831256879069	0
8	1	-36.886904419345413	-166.541240744584343
8	2	-234.83885393352989	-18.0083432419736873
8	3	62.9235113910176551	99.1701728777101295
8	4	50.2642586665932072	-157.188481148005195
8	5	-117.744416992511034	-9.92804199017062139
8	6	-190.592871947157391	-176.411779831613245
8	7	375.950027712450719	90.1455930977010951
8	8	194.611219643373772	262.961300536789508
9	0	-177.029017050025686	0
9	1	109.226860847152707	151.733870414770536
9	2	-98.4723372093111919	-88.811052747974756
9	3	-24.8022480683220401	2.67737657388115569
9	4	-21.2265082653148092	-123.700076151845806
9	5	119.65742878308032	159.136553437700456
9	6	11.2308976194399524	-432.175566752089367
9	7	-25.8606098579458283	-205.260330266223605
9	8	-229.524288395474116	-202.474032088707617
9	9	-53.0397914647170126	-190.802192675928154
10	0	-46.9122115853137913	0
10	1	94.3144937335771232	-127.37381809360437
10	2	345.814749267209493	181.771863783835897
10	3	-200.923461516421526	-161.226612779862535
10	4	170.802846105044665	-48.3508208989398867
10	5	56.1045636005639068	70.8419165493945258
10	6	-161.070197204027778	148.709936865779696
10	7	-16.8015360801142499	120.742738288396552
10	8	-164.096212787872645	189.413936448669688
10	9	300.564221072110399	-24.7832060898302835
10	10	-165.831699988096318	125.832938870785412
11	0	-75.8580716987163299	0
11	1	292.32901298189131	-84.5355450003706608
11	2	16.2877219411485505	107.117131925654846
11	3	5.95158912366440074	-52.1945854465695547
11	4	-105.346683336151486	150.792058619602471
11	5	142.61722613494166	56.3130397561401708
11	6	-26.8770292006088667	-2.81008568105922585
11	7	-46.5134888575157319	-157.010739073894541
11	8	-142.29817588606312	-133.866582632676568
11	9	-65.393965599629567	144.002335946522464
11	10	-130.17375167373055	-95.2969651131896001
11	11	-97.6027474645130013	-48.1802444153990379
12	0	-43.9560460319849895	0
12	1	13.507843996725164	-98.4413537306752886
12	2	62.9035847970932664	-42.1120626199559993
12	3	-46.3241010782984617	-158.739635474527915
12	4	102.387483849533169	-46.9058667143527472
12	5	-46.8763921274551052	-101.153125315891003
12	6	-138.556799930080274	27.8272016467476426
12	7	-38.5775937175153771	-80.215396210546615
12	8	145.797299745398902	-81.5975979799915052
12	9	134.397123936281332	32.8781107113977953
12	10	26.5412909090273885	34.9383836159063321
12	11	23.3317564450410977	155.191374122495148
12	12	264.450507748763698	127.162213181507056
13	0	79.5819261810825367	0
13	1	61.0529863760063805	8.95449619589891022
13	2	-14.5011977457154853	208.560582423980748
13	3	-174.20913405363936	99.5445246653769971
13	4	3.85274669705434203	34.5011788958449799
13	5	-20.5543770428474453	76.0000717652954876
13	6	53.9663114534260018	27.0610891717426227
13	7	-16.5350518575945031	-157.858466913861378
13	8	27.1067981377367211	-4.53831302390690183
13	9	26.6281441877812632	202.492264710324406
13	10	-43.3073402576419042	204.446451870077482
13	11	-145.314405434224028	-144.31860983248302
13	12	96.197762718120515	-99.4418661279104299
13	13	-161.879298060165496	-2.51003366878219403
14	0	-145.38725765306819	0
14	1	0.19805356842754665	116.448899100719387
14	2	144.871357133516767	104.146812219509869
14	3	-39.1467581566394145	-70.0667752232137957
14	4	-31.0847689390958202	118.335851117979672
14	5	-95.3493049762475522	-27.9527391480537766
14	6	57.6340729531358704	-112.420572201049168
14	7	21.148889079660087	-65.1423041220190839
14	8	-7.05193435011442382	-41.2784706773248544
14	9	94.9803137694670738	3.74631375035096292
14	10	-149.426170806196666	17.857435496105893
14	11	17.4445116701351388	-203.71919325909019
14	12	-38.0181912089935707	175.943661478450906
14	13	110.19655475898027	-54.8578174838062296
14	14	130.314091726364694	32.2226223776311684
15	0	22.4952516632704977	0
15	1	-46.7876063888231144	-178.738539167156915
15	2	56.5565546329087141	66.3169613898406141
15	3	85.2984605930721926	201.057487992852316
15	4	154.27844264572019	81.8748419491883652
15	5	-47.0549179267540012	-26.5169305470524392
15	6	-21.655850062020761	61.5151919899275086
15	7	106.546695553644085	92.7677695039215422
15	8	36.6765930973901533	-124.883677936004318
15	9	13.1452121456222599	67.8994478327545607
15	10	76.1449943720209603	-36.8668094223088474
15	11	60.6837072640476478	123.347012487665594
15	12	96.9987886731793765	-172.803550719506688
15	13	-81.1354926912431864	-50.0189307139199784
15	14	-158.789225468688812	93.2845324294949734
15	15	4.11785312895940603	-17.2655534071573058
16	0	-66.1234536458991187	0
16	1	1.96993617072789351	16.6119910240707789
16	2	-19.8293953482476049	-43.3487402399196355
16	3	-237.938184179211419	-117.338287065254704
16	4	50.2412658186533463	-80.2447853151415131
16	5	-103.668036755925826	4.39801682367809477
16	6	90.0358038648593322	2.82673534896267542
16	7	-34.4088896560812856	-30.3086341034503413
16	8	119.67343706685935	-5.83303922649468287
16	9	-82.3911030118231196	-168.437400582383702
16	10	-149.381589152384834	7.67876751016842274
16	11	41.2716609816723405	29.2560806872189723
16	12	-101.210965191622378	26.2180062501990818
16	13	77.690253722277447	72.8686072320749219
16	14	27.7331269990559477	139.453754174475449
16	15	0.69064477474939312	36.2181736328669146
16	16	61.5881363526051402	19.7459931768029442
