0	0	-2384.84823760838299	0
1	0	644.566246608361212	0
1	1	1212.33440607472176	796.469448958857129
2	0	568.900981045592857	0
2	1	665.636692686131028	634.915910434573902
2	2	836.083776901727219	169.645859828048771
3	0	-161.250966689392385	0
3	1	-310.731875623495512	245.290199162889877
3	2	889.376005186935458	-914.099345133890665
3	3	274.554385896795168	1141.27135720287629
4	0	352.775343264227899	0
4	1	-446.122245025941652	-517.123208013780868
4	2	765.034716599962735	-152.88761863037405
4	3	732.513728441171224	-250.589854254065131
4	4	122.566355642728197	-932.737465710047445
5	0	-552.040248855710615	0
5	1	-76.2542641508832162	-143.712737093429382
5	2	44.1319438335086218	312.624573650572302
5	3	257.728417183795273	76.7010476894164697
5	4	-1053.07201050134904	130.703777154064682
5	5	-105.229450044156138	448.165713289128348
6	0	250.825446776689546	0
6	1	4.31166284777317887	-345.911656865730038
6	2	-50.53370897145588	273.217792295443928
6	3	106.953993685489564	376.221634214423887
6	4	-396.798674925065257	347.448123763196975
6	5	-219.973548101048237	-407.445859850999909
6	6	-77.6004946393439781	-53.3430512305702536
7	0	-284.9831779275587	0
7	1	48.6395366382075238	400.563818225655609
7	2	-353.112942966240951	-54.2552307394056967
7	3	-138.679675679031931	35.6646417679864385
7	4	509.073470776308	-71.3597262374947974
7	5	7.04507650623120352	-20.9013477316267959
7	6	116.792577639881131	217.162880736627159
7	7	-52.2402756845980321	-201.700598764048976
8	0	17.4382364591778263	0
8	1	-36.8434799023877773	-166.175052389527053
8	2	-235.061420256668725	-18.494892103321245
8	3	61.5932246208633174	98.514147147943504
8	4	50.3991955431349581	-157.404000811229309
8	5	-117.870895390397806	-9.92267626569914007
8	6	-190.547110084819792	-176.410343106795523
8	7	375.943711513345477	90.1400295538170582
8	8	194.617198471009971	262.961009120941753
9	0	-177.230179365139463	0
9	1	109.226860847152494	151.733870414770479
9	2	-98.472337209311334	-88.8110527479745713
9	3	-24.8022480683221467	2.67737657388111394
9	4	-21.2265082653148305	-123.700076151845821
9	5	119.657428783080206	159.136553437700343
9	6	11.2308976194399364	-432.175566752089367
9	7	-25.8606098579459101	-205.260330266223662
9	8	-229.524288395474031	-202.474032088707617
9	9	-53.0397914647169983	-190.802192675928126
10	0	-51.3679123324819003	0
10	1	94.3993370697703398	-126.658354942950524
10	2	345.274610871506752	180.591075434130062
10	3	-204.9760786188601	-163.225145090141865
10	4	171.32820775423815	-49.1899226227004078
10	5	55.4567297274084581	70.8694002788281097
10	6	-160.746699401414475	148.72009329949492
10	7	-16.8687589865342673	120.683525843751497
10	8	-163.979312818979224	189.408238591895071
10	9	300.529139927991991	-24.8549247160987647
10	10	-165.852784803873789	125.834022708487751
11	0	-76.1138269576084241	0
11	1	292.329012981891765	-84.5355450003705755
11	2	16.2877219411486784	107.117131925654832
11	3	5.95158912366460235	-52.1945854465694907
11	4	-105.346683336151401	150.7920586196025
11	5	142.617226134941774	56.3130397561401921
11	6	-26.8770292006087672	-2.81008568105930756
11	7	-46.5134888575157959	-157.010739073894484
11	8	-142.298175886063177	-133.866582632676483
11	9	-65.3939655996295102	144.002335946522521
11	10	-130.173751673730493	-95.2969651131896711
11	11	-97.6027474645130724	-48.1802444153990308
12	0	-52.6858724194481098	0
12	1	13.705517926755924	-96.7744177151021745
12	2	61.4008401413411633	-45.3971899062445274
12	3	-59.8649120279273035	-165.417233556504641
12	4	104.515307720252096	-50.3044030949960259
12	5	-50.1018335693509442	-101.016289062701006
12	6	-136.535470386670283	27.8906626636652497
12	7	-39.1214461100117745	-80.6944416937112976
12	8	147.084307825751807	-81.6603284304700878
12	9	133.82289050709204	31.7041685913819045
12	10	25.9143284985445455	34.9706118082492523
12	11	23.4240598632542074	155.25680488507453
12	12	264.356787160406782	127.186490857020416
13	0	79.2251948070242662	0
13	1	61.0529863760061176	8.95449619589895818
13	2	-14.5011977457151318	208.560582423980946
13	3	-174.20913405363973	99.5445246653769971
13	4	3.8527466970544082	34.5011788958453423
13	5	-20.554377042847559	76.0000717652955444
13	6	53.9663114534258455	27.0610891717427222
13	7	-16.5350518575945067	-157.85846691386169
13	8	27.1067981377363587	-4.53831302390690183
13	9	26.6281441877812952	202.492264710324463
13	10	-43.3073402576418758	204.446451870077482
13	11	-145.314405434223971	-144.318609832482963
13	12	96.1977627181204724	-99.4418661279104157
13	13	-161.879298060165496	-2.51003366878230505
14	0	-179.414141606283238	0
14	1	1.09049981711204347	123.974680541208159
14	2	136.986584565565039	86.9100305680113934
14	3	-122.001641009061913	-110.926337392407135
14	4	-15.8175315439485367	93.9511910747602883
14	5	-122.703333151468243	-26.7922707927667254
14	6	78.1230479218385767	-111.777306885231084
14	7	14.4567282925673801	-71.0370090859038044
14	8	12.6009798194411804	-42.2363793166654844
14	9	83.7411485501167761	-19.2306304227551195
14	10	-165.972655533594263	18.7079861566870562
14	11	21.036236919554419	-201.173141047864618
14	12	-44.5926803179709736	177.646737782729701
14	13	113.639807238150496	-51.6282616452779948
14	14	130.999672974674155	35.6700114467262779
15	0	21.7554252574841946	0
15	1	-46.7876063888228515	-178.738539167156802
15	2	56.5565546329088349	66.3169613898405998
15	3	85.2984605930723774	201.057487992852288
15	4	154.278442645719963	81.8748419491873847
15	5	-47.0549179267541362	-26.5169305470524179
15	6	-21.6558500620208818	61.5151919899272102
15	7	106.546695553643701	92.7677695039217838
15	8	36.6765930973909278	-124.883677936004347
15	9	13.1452121456222528	67.8994478327546886
15	10	76.1449943720208466	-36.8668094223088119
15	11	60.6837072640474062	123.347012487665523
15	12	96.9987886731792486	-172.803550719506518
15	13	-81.1354926912430869	-50.0189307139195094
15	14	-158.789225468688869	93.2845324294949165
15	15	4.11785312895946021	-17.2655534071571353
