0	0	-2384.649254525923425	0.000000000000000
1	0	646.825085485841214	0.000000000000000
1	1	303.145900522038119	199.147318899724866
2	0	569.363123731953010	0.000000000000000
2	1	166.438959925636766	158.841929485578135
2	2	209.022423876469333	42.417161362420941
3	0	-157.663449541810593	0.000000000000000
3	1	-77.440304351948257	61.440161004481411
3	2	222.335162054910057	-228.538626512251284
3	3	68.637080730386117	285.316745287821163
4	0	353.457139188486053	0.000000000000000
4	1	-111.456729114820050	-128.988426402630523
4	2	191.267428481828290	-38.189711090192255
4	3	183.159375492803889	-62.641065041538376
4	4	30.640768387486638	-233.184345575200183
5	0	-547.198809700930042	0.000000000000000
5	1	-18.544462790354679	-35.672629895537931
5	2	11.000208495057652	78.105245218754945
5	3	64.420769421522209	19.167087105118359
5	4	-263.269222988942886	32.674181411872809
5	5	-26.306179527762801	112.040775154992545
6	0	251.795809856962222	0.000000000000000
6	1	1.208255472708642	-85.920063234534453
6	2	-12.605382843421447	68.400710430930843
6	3	26.885424142675848	94.087314319504827
6	4	-99.207362886111824	86.862817835990640
6	5	-54.985193186483720	-101.861967622818668
6	6	-19.400941798738437	-13.335874972491126
7	0	-278.634653168071509	0.000000000000000
7	1	13.094149762462139	100.613140598971199
7	2	-88.364799242249731	-13.697196626144553
7	3	-34.713616357825174	8.884635982776667
7	4	127.261043934100897	-17.850096113825082
7	5	1.774271290883474	-5.232441518773386
7	6	29.193536656645630	54.293994253598932
7	7	-13.060063309486230	-50.424895566769166
8	0	18.899888688387062	0.000000000000000
8	1	-9.015140919564507	-40.588398938923554
8	2	-58.689896649924542	-4.387439587541929
8	3	15.880924713738247	24.741396557900906
8	4	12.562976923109453	-39.342905881289511
8	5	-29.409872965744558	-2.484348991963340
8	6	-47.648059185942088	-44.104079096350226
8	7	93.989151394599176	22.534042609609102
8	8	48.652976225602551	65.740457576438601
9	0	-168.741914224890451	0.000000000000000
9	1	28.904071819282589	38.775909512170713
9	2	-24.822842756911530	-22.514542793235787
9	3	-6.336334591278977	0.571065165264551
9	4	-5.336895012339956	-30.964437193526830
9	5	29.985368091866384	39.746017857944430
9	6	2.769612333331587	-108.017127685649797
9	7	-6.465021606681487	-51.311081211578717
9	8	-57.379231159106226	-50.617207481026576
9	9	-13.260128099963863	-47.699581907977105
10	0	-48.840999109419556	0.000000000000000
10	1	23.856697173028927	-30.077962572117940
10	2	86.517075132101724	45.703524987152605
10	3	-49.832878525931001	-40.438355457915122
10	4	42.688296004858074	-12.240538520095091
10	5	14.143086269349379	17.698778533598254
10	6	-40.267041113571345	37.170054748228409
10	7	-4.184875326349515	30.163527818559018
10	8	-41.021029112267307	47.355744857460543
10	9	75.141102561900595	-6.196545896596423
10	10	-41.458007283798679	31.458639322578939
11	0	-64.031286464746699	0.000000000000000
11	1	75.887313205858092	-19.547232743152836
11	2	3.581426454202071	26.045752532682521
11	3	1.084006270710812	-13.343921607124287
11	4	-26.449414709029664	37.565740902365881
11	5	35.962538812599512	13.917973032148197
11	6	-6.933531850373452	-0.554889195529064
11	7	-11.626780030056311	-39.220444715654644
11	8	-35.552161192295237	-33.451236346734490
11	9	-16.352152191809893	36.021647463969842
11	10	-32.553050274415320	-23.823727415803575
11	11	-24.401188552254435	-12.048794461914644
12	0	-46.918346831358882	0.000000000000000
12	1	3.680526371307396	-21.510967192823419
12	2	15.931493632154272	-9.914068917696548
12	3	-10.563395607134010	-40.003516099250049
12	4	25.548547620359482	-12.187151700064236
12	5	-11.274734197253817	-25.340941858815704
12	6	-34.640856132369549	6.917834133977767
12	7	-9.545747505528965	-20.194133504403482
12	8	36.476295419948030	-20.380298869759972
12	9	33.600580160652584	8.209481266552825
12	10	6.633572350514100	8.744301652689780
12	11	5.835133342941614	38.798908060882923
12	12	66.112611036249746	31.787725604087509
13	0	99.068331113217440	0.000000000000000
13	1	20.934816975703665	5.858914937017886
13	2	-5.006263821982958	50.129671366316011
13	3	-44.911925384814971	23.868905576499621
13	4	0.494542624530988	8.169980918469815
13	5	-3.787323046880299	18.341542553485677
13	6	12.362701764728191	7.516996997462980
13	7	-4.116122632949383	-39.234897591679655
13	8	6.983936517241555	-0.997697722327311
13	9	6.618271257056784	50.879627580808176
13	10	-10.995843989154647	51.118109736517717
13	11	-36.343624436532806	-36.199952600219341
13	12	24.104322296651340	-24.779693917456672
13	13	-40.498351118434684	-0.628104506208417
14	0	-150.716606199837855	0.000000000000000
14	1	0.065269036032123	35.384049178479216
14	2	36.997305300537448	27.758262233672937
14	3	-6.910833935637442	-18.315327843236133
14	4	-7.990071867234796	28.144058387024018
14	5	-22.113724624069938	-7.252779087399455
14	6	14.361195221865588	-28.316232916576098
14	7	5.873789475344088	-17.112418198189001
14	8	-1.553409789821724	-10.184751167863332
14	9	23.769285809393224	0.833797668516452
14	10	-37.374806905086267	4.593776497994165
14	11	4.404395125966121	-50.911443830695767
14	12	-9.504475106783381	43.886770469727580
14	13	27.534838100703013	-13.665743407645783
14	14	32.574793231204481	8.027805126437224
15	0	74.797829383713676	0.000000000000000
15	1	8.836470319473060	-28.216184293331814
15	2	6.680335420046505	6.127067464039195
15	3	12.817716845713019	43.575110786562917
15	4	34.776319776950849	18.066651918241725
15	5	-1.669279075494710	-10.762357487577319
15	6	-14.889807314106521	21.221425062840275
15	7	26.978114684560097	25.908130899651006
15	8	12.129422128598584	-29.406851336357157
15	9	2.841564825869827	21.283797446688670
15	10	15.594559375292111	-9.209170289073022
15	11	14.801077476242831	27.462653725563602
15	12	26.516442306514101	-39.756005050287690
15	13	-22.475609285768900	-12.608365620784866
15	14	-39.323123780811478	24.717054452696694
15	15	0.318694008456104	-4.703624542252538
16	0	-82.524446357195657	0.000000000000000
16	1	-3.464563064134825	26.114299591167129
16	2	0.644201732833385	-1.558935871010278
16	3	-45.467686397104949	-32.007660052149539
16	4	10.598929427407541	-26.839289546119730
16	5	-15.209307278611869	-1.460865743803775
16	6	21.363846446628514	-1.351602113303374
16	7	-2.992657919859097	-15.339512253678704
16	8	32.556472814784748	-0.077464415007203
16	9	-19.900648180781019	-43.742193336678156
16	10	-37.497731265074655	4.306059431346245
16	11	11.328225125445000	7.625734318435838
16	12	-25.262154402608942	3.524539643697727
16	13	18.891894769766107	20.420505268669832
16	14	6.659441403080300	32.652343618575465
16	15	1.743373336557871	10.245559186928794
16	16	15.728963116897388	5.631801733770335
17	0	-3.460597224826619	0.000000000000000
17	1	-29.019595702175938	-38.880753433487833
17	2	19.174748862155202	26.106130266263907
17	3	24.544473220002963	21.458290617249986
17	4	17.806291288476199	-0.064796715606679
17	5	-32.452923599369186	3.994862990766147
17	6	28.250749440960323	-12.001652240939697
17	7	-3.523794865700687	-15.736228393244680
17	8	-18.580388834491227	-9.472940334384154
17	9	-1.323130613960158	-28.852948035603113
17	10	23.380434062831320	3.466762695713650
17	11	2.551121440502225	30.066825665475182
17	12	-26.562691883089926	-44.202248342616834
17	13	37.518383971270751	4.744458641194043
17	14	-7.603309044744660	-34.627090218667291
17	15	30.211113853099434	18.070055449189766
17	16	40.653447115573158	-24.519288181929809
17	17	-21.521733642460077	-24.770270279483544
18	0	8.795501919302826	0.000000000000000
18	1	18.819237382142312	-20.827552878828406
18	2	-17.453211152616927	-22.304145985622647
18	3	-21.441340376353200	-5.487198538454794
18	4	9.579573831645300	-1.315168239008446
18	5	-16.309241469359854	13.006226918609210
18	6	13.320190274242327	10.055741123697857
18	7	-20.116042953196104	26.590593583764889
18	8	-15.055185592124744	-3.504886016240549
18	9	-10.417004538045688	12.284322182676336
18	10	-2.614847449723649	-18.475742637321758
18	11	-8.776634166534741	0.046218896468155
18	12	-1.571528519794506	30.610559058311569
18	13	2.233673432851946	-28.631220003066186
18	14	3.221183366513217	36.141832488065290
18	15	-39.340346421697539	-28.752649523547813
18	16	-15.205558882227439	-32.154225880114303
18	17	-4.663646828064376	-6.681456421958453
18	18	-13.422863448506606	3.169886708242422
19	0	-52.983982921294341	0.000000000000000
19	1	-0.013802720225995	-3.259473014587285
19	2	1.013900649466362	-4.609127734396223
19	3	-0.483311878680233	1.970452482088531
19	4	-10.774717019153160	17.076904184808885
19	5	2.848491842276521	18.312226311812982
19	6	13.822753621785738	-18.038342041750095
19	7	3.651763492161784	10.098023040321884
19	8	0.982638082236095	-3.127697396180045
19	9	16.721992717845410	1.228948798574193
19	10	16.426163767090141	-17.414339448144563
19	11	-2.201456885431302	21.197317633687074
19	12	-6.228762031833663	9.588609004325301
19	13	-5.143207644810093	-24.269446169972582
19	14	-10.292537443423948	10.616011504673526
19	15	3.052570213712869	-18.854137294351379
19	16	16.973257461044977	14.604108936422392
19	17	8.167245136405533	-14.315914355053689
19	18	-16.136085081307577	3.921297931989878
19	19	-8.631476722264537	1.151464652493458
20	0	24.147182792960571	0.000000000000000
20	1	10.048386408242358	-9.934034558260798
20	2	-15.176457322174016	-11.450584195892691
20	3	-21.889293974331348	11.327991001652064
20	4	-2.406485107556682	32.923570430679270
20	5	-27.168048530608687	-0.452325331330171
20	6	-18.969765426227575	-2.679308241990961
20	7	-13.070136480595027	12.377199828057815
20	8	2.444052679684606	-8.690039209303913
20	9	21.442069229996285	-11.025920321115814
20	10	13.517286546722119	10.463053673189565
20	11	0.024595426530903	-11.041295661553018
20	12	5.788991097033326	5.293787884417355
20	13	31.611260032144351	-7.932566105783749
20	14	13.565323739417670	24.366403063330335
20	15	-14.729512191544945	-17.707799632876142
20	16	-1.878211877860898	0.233217187578590
20	17	-13.334377295591795	14.890792749762582
20	18	-4.703671559746927	0.935166659857432
20	19	-5.708045848390902	13.742980419875991
20	20	-8.307161014699997	14.384586576838718
21	0	-41.955762630898015	0.000000000000000
21	1	-8.768505877250671	11.430609891481692
21	2	2.627689466232307	16.269014457727582
21	3	14.086450548031337	-1.200569713952067
21	4	-8.771240722559414	2.362399858022521
21	5	-13.564191226335160	13.496165081695821
21	6	21.349097815030891	-19.515786456896553
21	7	5.866391473544665	-5.390660556801586
21	8	18.337493334881135	2.781635183522581
21	9	-1.399313642917646	-0.501351740355143
21	10	5.430801674686202	1.647735540886203
21	11	27.549026212734347	-29.428979528661323
21	12	-11.302972442927382	1.368861301438250
21	13	-21.827650265485349	10.217975559976500
21	14	-18.671181587873626	-16.685769370984744
21	15	25.408202541150285	17.420827397425178
21	16	-17.296622266855849	16.300312939701634
21	17	-5.876738105070987	2.083306793328539
21	18	-17.199342243577789	7.829112517482186
21	19	-35.631521340044500	-1.265362141247523
21	20	24.863194881752388	-16.156541391771380
21	21	-1.620483319974291	-3.205548565203340
22	0	-7.183384132215823	0.000000000000000
22	1	-2.682759370899738	-22.069587373414322
22	2	18.046095348768862	7.637842461693373
22	3	2.240624290165171	13.212783791457095
22	4	-4.637521452746227	15.364643614595607
22	5	-32.413058542801650	-12.330163011308612
22	6	-8.617828505426374	-5.668184530009023
22	7	6.328081140216396	24.740243095206925
22	8	14.074432903417920	-7.208944989923511
22	9	0.111625884914476	12.332696370819360
22	10	6.219171140912604	-11.774319149768726
22	11	-3.223086417820110	-4.315263583677740
22	12	0.908493988990770	1.461313792439318
22	13	0.300959059994953	17.955064820663448
22	14	-4.965550580629245	-5.985948728924217
22	15	15.670198222940732	-11.509067770690971
22	16	6.790122176239027	6.806519961305990
22	17	-1.339734897767397	-8.130989570523894
22	18	0.835082793932453	6.754439979722814
22	19	15.319763433146999	-17.752409239172170
22	20	2.694546660303679	-12.358496816744378
22	21	-8.650432366313664	21.304749163521507
22	22	12.735607515779655	-1.919245444122460
23	0	-36.449314764893103	0.000000000000000
23	1	-2.947990257919483	9.453606414122779
23	2	7.284003437257869	-7.536377071912076
23	3	-1.574674819347093	-9.580716256140327
23	4	17.765675276245275	-9.153458209502427
23	5	-5.226578936332428	-3.118838582499118
23	6	24.822777563365083	-11.868077838692756
23	7	-6.045194802089921	6.883245736841008
23	8	-4.708937951578972	0.836560209036198
23	9	10.941252963247766	-9.265018635220974
23	10	-4.769846108773597	9.583540292384123
23	11	8.507120962697241	15.967256008598357
23	12	-11.859171842511373	-5.905931601343480
23	13	-0.902801797960199	-1.627752286378001
23	14	-16.368308218885364	7.149669614248255
23	15	20.291587398284623	2.343189143157850
23	16	-0.229789842676650	-4.777110750652080
23	17	3.417616432652022	-12.982980557438044
23	18	-6.047492860804241	8.166650288249819
23	19	-10.073571938591824	10.011880420349955
23	20	-9.565626253032775	29.031777026918537
23	21	7.876138611776575	2.859850303255707
23	22	22.784342876115680	3.955991976621521
23	23	8.027029073692070	0.655039040879192
24	0	-15.680591597726719	0.000000000000000
24	1	-9.821684923749872	-10.452349449779357
24	2	4.738349060342491	13.426284114017864
24	3	-20.546443863643784	2.921117147686255
24	4	-5.509267093083615	-4.903608509616262
24	5	-7.826452558517847	-15.883928504207354
24	6	-4.892858923921904	7.802241560272719
24	7	-11.721283470089773	1.589910296718466
24	8	-24.865199842950265	7.997889944135983
24	9	3.482533941285408	-8.602544572157932
24	10	-12.211385172266038	-13.935131169500831
24	11	19.532219853837319	-2.981388729466739
24	12	-2.515468165519926	1.938219754104706
24	13	-0.020756250408957	2.328107502693337
24	14	8.090116716607060	11.821322531024576
24	15	14.212157305334102	-23.421633080789373
24	16	-11.068480135843247	16.834949908691065
24	17	-19.902964150384896	-6.873953162205932
24	18	-8.340529400262923	-3.711128023501090
24	19	-17.800707075925423	-7.696681035354834
24	20	16.035213738880707	-10.734737892885340
24	21	-1.505810553836057	23.240782386468098
24	22	-22.121966664548243	2.411907342436741
24	23	4.214589353892818	-1.577220911251042
24	24	-11.735887251883478	-0.650667307578840
25	0	-22.281459521274112	0.000000000000000
25	1	-2.125736672849317	-2.955377555378476
25	2	-17.325947938369318	-0.663204879213487
25	3	-18.996091287152947	-4.998519925464258
25	4	-6.100044380689844	-1.574425240353828
25	5	-18.081800295585733	-6.301814270601096
25	6	-5.188683841926744	-1.829302859841980
25	7	14.298704412873235	-10.895439248043152
25	8	-16.090619829835148	-2.815198762795479
25	9	-26.280472935519406	21.433732571209340
25	10	-4.950282305612342	11.940722142159093
25	11	-1.765202407819099	-9.341613382049973
25	12	5.108533865088958	-4.732227803003377
25	13	-8.510164407222682	-21.971500441068489
25	14	18.278895286335374	-4.041576566596675
25	15	1.200861086913255	-4.859965353860209
25	16	7.766199508728056	21.318923060068038
25	17	-5.995162922514643	-3.815575428057027
25	18	-9.100179619175798	12.819111274398209
25	19	9.234448281025195	6.334472424451338
25	20	18.600848193663619	13.596362335676506
25	21	8.265431670195655	1.667897538526841
25	22	27.606364358209131	-18.342894496473754
25	23	10.131569611541879	-4.214648980885898
25	24	0.375723318554807	-2.873385841418786
25	25	10.480581051047032	-1.191594748816574
26	0	32.602809580094643	0.000000000000000
26	1	-8.575510832369389	-24.987409243959036
26	2	9.484456551052970	-11.831337837094637
26	3	8.091556073155520	11.304025102256663
26	4	0.061610222404281	16.488867160929718
26	5	-1.064315166164066	11.022427074183058
26	6	9.815986165288143	0.378957583762022
26	7	-18.564706064097262	2.999415712740538
26	8	2.665725650742894	-12.147865086378516
26	9	-6.495539926490453	-1.986528615615426
26	10	20.259413880124377	7.585129515753906
26	11	-2.374149620425860	-8.680035135624287
26	12	19.514000869420620	27.794730616800912
26	13	-15.813995607955984	1.284234000211224
26	14	-6.947339799449194	-2.039715320507154
26	15	-28.372994874712205	11.875442129557319
26	16	4.055183534051156	-6.220381436740921
26	17	-17.168438849519941	-3.614607614174152
26	18	17.441516584634421	3.854984688012975
26	19	-4.909954771140575	-11.094293545162531
26	20	-12.511504793820583	10.189233622142977
26	21	-8.764120002967303	-3.859406173518403
26	22	-24.397110888571476	-4.236954416716349
26	23	7.393995266854157	18.432103921980879
26	24	-15.229769944300225	-22.908726091245864
26	25	-3.029612513327285	-10.146591800495898
26	26	11.442533250031762	-8.698211985064242
27	0	12.799758567865354	0.000000000000000
27	1	-3.184865035656239	14.182175283805579
27	2	-5.659178834509544	-6.169182798501644
27	3	-4.534756153799823	-1.760955426847636
27	4	-0.628939407586038	0.372217709572929
27	5	-0.384280951142724	9.046260976030672
27	6	-3.584516100455438	-10.771690632745619
27	7	-18.850042805508696	-7.984180212077570
27	8	4.839605618510245	1.149610370471406
27	9	-7.314551209999088	8.884650135294182
27	10	3.140553825926059	-1.211347917134505
27	11	-1.483689349403018	-10.795589680031004
27	12	21.290761327283874	9.206661537377514
27	13	8.872543074332860	1.578987141948052
27	14	-14.123955421225832	-9.259185650427124
27	15	-4.082890246056205	8.196750125836552
27	16	4.558500446005175	-15.849235274088885
27	17	8.874139533565691	5.655844910221473
27	18	-3.589686286273568	-6.874335932676717
27	19	-6.040167652881872	-7.760828071570818
27	20	3.969067166661472	-3.170353554616467
27	21	-6.663859760284009	-2.134478203592781
27	22	10.069121003319379	7.684282927475016
27	23	-13.077962680549104	-7.797998403232278
27	24	6.024083381889072	18.564343139664164
27	25	2.216484525182445	18.492356866705357
27	26	10.680228841180584	23.103025006606458
27	27	1.216871128934949	-1.600320440663118
28	0	-22.065203072791888	0.000000000000000
28	1	-11.634338802168818	0.914034524107186
28	2	8.137191795350416	4.796435362548127
28	3	-3.530806814079753	5.695532771574438
28	4	-1.923467628874041	-2.841602996644072
28	5	6.403988636389225	3.240048480268252
28	6	12.625833457203798	-10.071233490166090
28	7	-4.884703446282695	9.686061168211282
28	8	3.020621141918650	1.394557132340783
28	9	8.754990143365768	-2.669932691388561
28	10	-0.678149041871886	-1.086656785146372
28	11	-4.379748800171143	10.036889236624800
28	12	0.811101727378644	-20.781127330838146
28	13	-2.267769983341864	8.361827000826063
28	14	5.000145229879441	1.656677332368358
28	15	-12.922712322693686	0.573233123836962
28	16	-5.122625409038922	10.643952288209414
28	17	17.711113755078220	-3.714061140213968
28	18	1.930099410978880	3.730270304646421
28	19	1.317978099827394	17.657864535141403
28	20	4.110220181018764	-0.351775279659179
28	21	4.755672317224146	15.927784092672375
28	22	4.904586204190639	9.371065597757255
28	23	10.251020497350376	0.478082377180005
28	24	6.677318869368826	25.943753337817551
28	25	0.897388588883531	-27.387262516970694
28	26	-10.850699908665892	0.356500824719091
28	27	-4.442333374308672	3.459198616047298
28	28	-9.670109525581349	-5.372483150776718
29	0	-18.568798538593981	0.000000000000000
29	1	-8.325693013384427	-7.512071135579483
29	2	-2.289662202006084	3.858334761610201
29	3	-4.419443695099995	-4.389302103524858
29	4	5.229333572640612	9.699321851308342
29	5	-6.623952621076439	7.851715504041083
29	6	-4.775067788027903	-9.513967973286258
29	7	6.887905114595351	-1.263525953107117
29	8	17.894105147891658	-3.775383793289006
29	9	-4.521572407031146	-2.272988697233477
29	10	-17.106038776184416	12.571181360206557
29	11	-8.798574010949640	5.829216451876056
29	12	7.076971294471984	4.144330044591341
29	13	-10.499748730656155	-4.135181042662184
29	14	7.116110055932618	4.969792194311970
29	15	-2.731797512668209	-11.660791128498504
29	16	-8.916949675677733	13.248248913420609
29	17	4.418716729332080	-5.448645179541997
29	18	-7.596797276628198	5.041150780057204
29	19	-1.474700854809988	-8.488329514905203
29	20	-7.127403036606779	-6.921257526322271
29	21	-1.746118337045786	-0.781559366816926
29	22	-3.367652967681392	-3.129646732537366
29	23	-2.291870317770216	1.627314106769619
29	24	15.557566884654904	-7.908447951946601
29	25	14.894624435666007	9.926069600960943
29	26	1.617508943376819	18.468035269816848
29	27	-5.022794480784226	-0.037188261933778
29	28	2.990753806933246	-4.795528678464328
29	29	16.738912531408889	-15.159490264354327
30	0	43.429304611518262	0.000000000000000
30	1	-12.885942092303125	14.865243687034512
30	2	12.150781347056068	-3.242310288749481
30	3	-10.921246053810368	-3.615091958189744
30	4	1.780487729383794	-1.172082393747410
30	5	-11.879012186369483	-3.983966636446532
30	6	2.028992595328077	-5.855607745752562
30	7	4.209581318956859	-7.276337863456745
30	8	-2.700885413602435	-18.759567601416002
30	9	2.485070416624283	-19.615959891099155
30	10	2.202171564355226	19.119259827099981
30	11	-17.521971336061721	-9.074793360511132
30	12	-5.194280504620138	12.670191507831960
30	13	4.229826060274525	5.501716899756970
30	14	-5.252787016353369	-3.667651346389190
30	15	-6.516257641368408	-6.335465788864187
30	16	0.319174241682421	-7.381429474442593
30	17	-10.382252930971097	7.158227825431074
30	18	10.933049376775429	-0.806468777104970
30	19	-14.420633139510187	1.901137047541228
30	20	0.976561810882441	-10.411423989076393
30	21	-0.845748107671509	-9.753435718055169
30	22	12.020477169107419	12.019579519779578
30	23	5.365714640833175	-15.974984407983685
30	24	1.571976575990958	-4.799877547683934
30	25	6.129320145386399	-24.018722807843542
30	26	-0.346884747204499	-23.912573493952543
30	27	10.643981234264897	12.474899170036386
30	28	7.331538042062107	9.175365743252909
30	29	4.204340820370120	9.455731396192569
30	30	-7.094795506786822	-5.088332264859125
