0	0	-2384.649254525923425	0.000000000000000
1	0	646.825085485841214	0.000000000000000
1	1	303.145900522038119	199.147318899724866
2	0	569.363123731953010	0.000000000000000
2	1	166.438959925636766	158.841929485578135
2	2	209.022423876469333	42.417161362420941
3	0	-157.663449541810593	0.000000000000000
3	1	-77.440304351948257	61.440161004481411
3	2	222.335162054910057	-228.538626512251284
3	3	68.637080730386117	285.316745287821163
4	0	353.457139188486053	0.000000000000000
4	1	-111.456729114820050	-128.988426402630523
4	2	191.267428481828290	-38.189711090192255
4	3	183.159375492803889	-62.641065041538376
4	4	30.640768387486638	-233.184345575200183
5	0	-547.198809700930042	0.000000000000000
5	1	-18.544462790354679	-35.672629895537931
5	2	11.000208495057652	78.105245218754945
5	3	64.420769421522209	19.167087105118359
5	4	-263.269222988942886	32.674181411872809
5	5	-26.306179527762801	112.040775154992545
6	0	251.795809856962222	0.000000000000000
6	1	1.208255472708642	-85.920063234534453
6	2	-12.605382843421447	68.400710430930843
6	3	26.885424142675848	94.087314319504827
6	4	-99.207362886111824	86.862817835990640
6	5	-54.985193186483720	-101.861967622818668
6	6	-19.400941798738437	-13.335874972491126
7	0	-278.634653168071509	0.000000000000000
7	1	13.094149762462139	100.613140598971199
7	2	-88.364799242249731	-13.697196626144553
7	3	-34.713616357825174	8.884635982776667
7	4	127.261043934100897	-17.850096113825082
7	5	1.774271290883474	-5.232441518773386
7	6	29.193536656645630	54.293994253598932
7	7	-13.060063309486230	-50.424895566769166
8	0	18.899888688387062	0.000000000000000
8	1	-9.015140919564507	-40.588398938923554
8	2	-58.689896649924542	-4.387439587541929
8	3	15.880924713738247	24.741396557900906
8	4	12.562976923109453	-39.342905881289511
8	5	-29.409872965744558	-2.484348991963340
8	6	-47.648059185942088	-44.104079096350226
8	7	93.989151394599176	22.534042609609102
8	8	48.652976225602551	65.740457576438601
9	0	-168.741914224890451	0.000000000000000
9	1	28.904071819282589	38.775909512170713
9	2	-24.822842756911530	-22.514542793235787
9	3	-6.336334591278977	0.571065165264551
9	4	-5.336895012339956	-30.964437193526830
9	5	29.985368091866384	39.746017857944430
9	6	2.769612333331587	-108.017127685649797
9	7	-6.465021606681487	-51.311081211578717
9	8	-57.379231159106226	-50.617207481026576
9	9	-13.260128099963863	-47.699581907977105
10	0	-48.840999109419556	0.000000000000000
10	1	23.856697173028927	-30.077962572117940
10	2	86.517075132101724	45.703524987152605
10	3	-49.832878525931001	-40.438355457915122
10	4	42.688296004858074	-12.240538520095091
10	5	14.143086269349379	17.698778533598254
10	6	-40.267041113571345	37.170054748228409
10	7	-4.184875326349515	30.163527818559018
10	8	-41.021029112267307	47.355744857460543
10	9	75.141102561900595	-6.196545896596423
10	10	-41.458007283798679	31.458639322578939
11	0	-64.031286464746699	0.000000000000000
11	1	75.887313205858092	-19.547232743152836
11	2	3.581426454202071	26.045752532682521
11	3	1.084006270710812	-13.343921607124287
11	4	-26.449414709029664	37.565740902365881
11	5	35.962538812599512	13.917973032148197
11	6	-6.933531850373452	-0.554889195529064
11	7	-11.626780030056311	-39.220444715654644
11	8	-35.552161192295237	-33.451236346734490
11	9	-16.352152191809893	36.021647463969842
11	10	-32.553050274415320	-23.823727415803575
11	11	-24.401188552254435	-12.048794461914644
12	0	-46.918346831358882	0.000000000000000
12	1	3.680526371307396	-21.510967192823419
12	2	15.931493632154272	-9.914068917696548
12	3	-10.563395607134010	-40.003516099250049
12	4	25.548547620359482	-12.187151700064236
12	5	-11.274734197253817	-25.340941858815704
12	6	-34.640856132369549	6.917834133977767
12	7	-9.545747505528965	-20.194133504403482
12	8	36.476295419948030	-20.380298869759972
12	9	33.600580160652584	8.209481266552825
12	10	6.633572350514100	8.744301652689780
12	11	5.835133342941614	38.798908060882923
12	12	66.112611036249746	31.787725604087509
13	0	99.068331113217440	0.000000000000000
13	1	20.934816975703665	5.858914937017886
13	2	-5.006263821982958	50.129671366316011
13	3	-44.911925384814971	23.868905576499621
13	4	0.494542624530988	8.169980918469815
13	5	-3.787323046880299	18.341542553485677
13	6	12.362701764728191	7.516996997462980
13	7	-4.116122632949383	-39.234897591679655
13	8	6.983936517241555	-0.997697722327311
13	9	6.618271257056784	50.879627580808176
13	10	-10.995843989154647	51.118109736517717
13	11	-36.343624436532806	-36.199952600219341
13	12	24.104322296651340	-24.779693917456672
13	13	-40.498351118434684	-0.628104506208417
14	0	-150.716606199837855	0.000000000000000
14	1	0.065269036032123	35.384049178479216
14	2	36.997305300537448	27.758262233672937
14	3	-6.910833935637442	-18.315327843236133
14	4	-7.990071867234796	28.144058387024018
14	5	-22.113724624069938	-7.252779087399455
14	6	14.361195221865588	-28.316232916576098
14	7	5.873789475344088	-17.112418198189001
14	8	-1.553409789821724	-10.184751167863332
14	9	23.769285809393224	0.833797668516452
14	10	-37.374806905086267	4.593776497994165
14	11	4.404395125966121	-50.911443830695767
14	12	-9.504475106783381	43.886770469727580
14	13	27.534838100703013	-13.665743407645783
14	14	32.574793231204481	8.027805126437224
15	0	74.797829383713676	0.000000000000000
15	1	8.836470319473060	-28.216184293331814
15	2	6.680335420046505	6.127067464039195
15	3	12.817716845713019	43.575110786562917
15	4	34.776319776950849	18.066651918241725
15	5	-1.669279075494710	-10.762357487577319
15	6	-14.889807314106521	21.221425062840275
15	7	26.978114684560097	25.908130899651006
15	8	12.129422128598584	-29.406851336357157
15	9	2.841564825869827	21.283797446688670
15	10	15.594559375292111	-9.209170289073022
15	11	14.801077476242831	27.462653725563602
15	12	26.516442306514101	-39.756005050287690
15	13	-22.475609285768900	-12.608365620784866
15	14	-39.323123780811478	24.717054452696694
15	15	0.318694008456104	-4.703624542252538
16	0	-82.524446357195657	0.000000000000000
16	1	-3.464563064134825	26.114299591167129
16	2	0.644201732833385	-1.558935871010278
16	3	-45.467686397104949	-32.007660052149539
16	4	10.598929427407541	-26.839289546119730
16	5	-15.209307278611869	-1.460865743803775
16	6	21.363846446628514	-1.351602113303374
16	7	-2.992657919859097	-15.339512253678704
16	8	32.556472814784748	-0.077464415007203
16	9	-19.900648180781019	-43.742193336678156
16	10	-37.497731265074655	4.306059431346245
16	11	11.328225125445000	7.625734318435838
16	12	-25.262154402608942	3.524539643697727
16	13	18.891894769766107	20.420505268669832
16	14	6.659441403080300	32.652343618575465
16	15	1.743373336557871	10.245559186928794
16	16	15.728963116897388	5.631801733770335
17	0	-3.460597224826619	0.000000000000000
17	1	-29.019595702175938	-38.880753433487833
17	2	19.174748862155202	26.106130266263907
17	3	24.544473220002963	21.458290617249986
17	4	17.806291288476199	-0.064796715606679
17	5	-32.452923599369186	3.994862990766147
17	6	28.250749440960323	-12.001652240939697
17	7	-3.523794865700687	-15.736228393244680
17	8	-18.580388834491227	-9.472940334384154
17	9	-1.323130613960158	-28.852948035603113
17	10	23.380434062831320	3.466762695713650
17	11	2.551121440502225	30.066825665475182
17	12	-26.562691883089926	-44.202248342616834
17	13	37.518383971270751	4.744458641194043
17	14	-7.603309044744660	-34.627090218667291
17	15	30.211113853099434	18.070055449189766
17	16	40.653447115573158	-24.519288181929809
17	17	-21.521733642460077	-24.770270279483544
18	0	8.795501919302826	0.000000000000000
18	1	18.819237382142312	-20.827552878828406
18	2	-17.453211152616927	-22.304145985622647
18	3	-21.441340376353200	-5.487198538454794
18	4	9.579573831645300	-1.315168239008446
18	5	-16.309241469359854	13.006226918609210
18	6	13.320190274242327	10.055741123697857
18	7	-20.116042953196104	26.590593583764889
18	8	-15.055185592124744	-3.504886016240549
18	9	-10.417004538045688	12.284322182676336
18	10	-2.614847449723649	-18.475742637321758
18	11	-8.776634166534741	0.046218896468155
18	12	-1.571528519794506	30.610559058311569
18	13	2.233673432851946	-28.631220003066186
18	14	3.221183366513217	36.141832488065290
18	15	-39.340346421697539	-28.752649523547813
18	16	-15.205558882227439	-32.154225880114303
18	17	-4.663646828064376	-6.681456421958453
18	18	-13.422863448506606	3.169886708242422
19	0	-52.983982921294341	0.000000000000000
19	1	-0.013802720225995	-3.259473014587285
19	2	1.013900649466362	-4.609127734396223
19	3	-0.483311878680233	1.970452482088531
19	4	-10.774717019153160	17.076904184808885
19	5	2.848491842276521	18.312226311812982
19	6	13.822753621785738	-18.038342041750095
19	7	3.651763492161784	10.098023040321884
19	8	0.982638082236095	-3.127697396180045
19	9	16.721992717845410	1.228948798574193
19	10	16.426163767090141	-17.414339448144563
19	11	-2.201456885431302	21.197317633687074
19	12	-6.228762031833663	9.588609004325301
19	13	-5.143207644810093	-24.269446169972582
19	14	-10.292537443423948	10.616011504673526
19	15	3.052570213712869	-18.854137294351379
19	16	16.973257461044977	14.604108936422392
19	17	8.167245136405533	-14.315914355053689
19	18	-16.136085081307577	3.921297931989878
19	19	-8.631476722264537	1.151464652493458
20	0	24.147182792960571	0.000000000000000
20	1	10.048386408242358	-9.934034558260798
20	2	-15.176457322174016	-11.450584195892691
20	3	-21.889293974331348	11.327991001652064
20	4	-2.406485107556682	32.923570430679270
20	5	-27.168048530608687	-0.452325331330171
20	6	-18.969765426227575	-2.679308241990961
20	7	-13.070136480595027	12.377199828057815
20	8	2.444052679684606	-8.690039209303913
20	9	21.442069229996285	-11.025920321115814
20	10	13.517286546722119	10.463053673189565
20	11	0.024595426530903	-11.041295661553018
20	12	5.788991097033326	5.293787884417355
20	13	31.611260032144351	-7.932566105783749
20	14	13.565323739417670	24.366403063330335
20	15	-14.729512191544945	-17.707799632876142
20	16	-1.878211877860898	0.233217187578590
20	17	-13.334377295591795	14.890792749762582
20	18	-4.703671559746927	0.935166659857432
20	19	-5.708045848390902	13.742980419875991
20	20	-8.307161014699997	14.384586576838718
21	0	-41.955762630898015	0.000000000000000
21	1	-8.768505877250671	11.430609891481692
21	2	2.627689466232307	16.269014457727582
21	3	14.086450548031337	-1.200569713952067
21	4	-8.771240722559414	2.362399858022521
21	5	-13.564191226335160	13.496165081695821
21	6	21.349097815030891	-19.515786456896553
21	7	5.866391473544665	-5.390660556801586
21	8	18.337493334881135	2.781635183522581
21	9	-1.399313642917646	-0.501351740355143
21	10	5.430801674686202	1.647735540886203
21	11	27.549026212734347	-29.428979528661323
21	12	-11.302972442927382	1.368861301438250
21	13	-21.827650265485349	10.217975559976500
21	14	-18.671181587873626	-16.685769370984744
21	15	25.408202541150285	17.420827397425178
21	16	-17.296622266855849	16.300312939701634
21	17	-5.876738105070987	2.083306793328539
21	18	-17.199342243577789	7.829112517482186
21	19	-35.631521340044500	-1.265362141247523
21	20	24.863194881752388	-16.156541391771380
21	21	-1.620483319974291	-3.205548565203340
22	0	-7.183384132215823	0.000000000000000
22	1	-2.682759370899738	-22.069587373414322
22	2	18.046095348768862	7.637842461693373
22	3	2.240624290165171	13.212783791457095
22	4	-4.637521452746227	15.364643614595607
22	5	-32.413058542801650	-12.330163011308612
22	6	-8.617828505426374	-5.668184530009023
22	7	6.328081140216396	24.740243095206925
22	8	14.074432903417920	-7.208944989923511
22	9	0.111625884914476	12.332696370819360
22	10	6.219171140912604	-11.774319149768726
22	11	-3.223086417820110	-4.315263583677740
22	12	0.908493988990770	1.461313792439318
22	13	0.300959059994953	17.955064820663448
22	14	-4.965550580629245	-5.985948728924217
22	15	15.670198222940732	-11.509067770690971
22	16	6.790122176239027	6.806519961305990
22	17	-1.339734897767397	-8.130989570523894
22	18	0.835082793932453	6.754439979722814
22	19	15.319763433146999	-17.752409239172170
22	20	2.694546660303679	-12.358496816744378
22	21	-8.650432366313664	21.304749163521507
22	22	12.735607515779655	-1.919245444122460
23	0	-36.449314764893103	0.000000000000000
23	1	-2.947990257919483	9.453606414122779
23	2	7.284003437257869	-7.536377071912076
23	3	-1.574674819347093	-9.580716256140327
23	4	17.765675276245275	-9.153458209502427
23	5	-5.226578936332428	-3.118838582499118
23	6	24.822777563365083	-11.868077838692756
23	7	-6.045194802089921	6.883245736841008
23	8	-4.708937951578972	0.836560209036198
23	9	10.941252963247766	-9.265018635220974
23	10	-4.769846108773597	9.583540292384123
23	11	8.507120962697241	15.967256008598357
23	12	-11.859171842511373	-5.905931601343480
23	13	-0.902801797960199	-1.627752286378001
23	14	-16.368308218885364	7.149669614248255
23	15	20.291587398284623	2.343189143157850
23	16	-0.229789842676650	-4.777110750652080
23	17	3.417616432652022	-12.982980557438044
23	18	-6.047492860804241	8.166650288249819
23	19	-10.073571938591824	10.011880420349955
23	20	-9.565626253032775	29.031777026918537
23	21	7.876138611776575	2.859850303255707
23	22	22.784342876115680	3.955991976621521
23	23	8.027029073692070	0.655039040879192
24	0	-15.680591597726719	0.000000000000000
24	1	-9.821684923749872	-10.452349449779357
24	2	4.738349060342491	13.426284114017864
24	3	-20.546443863643784	2.921117147686255
24	4	-5.509267093083615	-4.903608509616262
24	5	-7.826452558517847	-15.883928504207354
24	6	-4.892858923921904	7.802241560272719
24	7	-11.721283470089773	1.589910296718466
24	8	-24.865199842950265	7.997889944135983
24	9	3.482533941285408	-8.602544572157932
24	10	-12.211385172266038	-13.935131169500831
24	11	19.532219853837319	-2.981388729466739
24	12	-2.515468165519926	1.938219754104706
24	13	-0.020756250408957	2.328107502693337
24	14	8.090116716607060	11.821322531024576
24	15	14.212157305334102	-23.421633080789373
24	16	-11.068480135843247	16.834949908691065
24	17	-19.902964150384896	-6.873953162205932
24	18	-8.340529400262923	-3.711128023501090
24	19	-17.800707075925423	-7.696681035354834
24	20	16.035213738880707	-10.734737892885340
24	21	-1.505810553836057	23.240782386468098
24	22	-22.121966664548243	2.411907342436741
24	23	4.214589353892818	-1.577220911251042
24	24	-11.735887251883478	-0.650667307578840
25	0	-22.281459521274112	0.000000000000000
25	1	-2.125736672849317	-2.955377555378476
25	2	-17.325947938369318	-0.663204879213487
25	3	-18.996091287152947	-4.998519925464258
25	4	-6.100044380689844	-1.574425240353828
25	5	-18.081800295585733	-6.301814270601096
25	6	-5.188683841926744	-1.829302859841980
25	7	14.298704412873235	-10.895439248043152
25	8	-16.090619829835148	-2.815198762795479
25	9	-26.280472935519406	21.433732571209340
25	10	-4.950282305612342	11.940722142159093
25	11	-1.765202407819099	-9.341613382049973
25	12	5.108533865088958	-4.732227803003377
25	13	-8.510164407222682	-21.971500441068489
25	14	18.278895286335374	-4.041576566596675
25	15	1.200861086913255	-4.859965353860209
25	16	7.766199508728056	21.318923060068038
25	17	-5.995162922514643	-3.815575428057027
25	18	-9.100179619175798	12.819111274398209
25	19	9.234448281025195	6.334472424451338
25	20	18.600848193663619	13.596362335676506
25	21	8.265431670195655	1.667897538526841
25	22	27.606364358209131	-18.342894496473754
25	23	10.131569611541879	-4.214648980885898
25	24	0.375723318554807	-2.873385841418786
25	25	10.480581051047032	-1.191594748816574
26	0	32.602809580094643	0.000000000000000
26	1	-8.575510832369389	-24.987409243959036
26	2	9.484456551052970	-11.831337837094637
26	3	8.091556073155520	11.304025102256663
26	4	0.061610222404281	16.488867160929718
26	5	-1.064315166164066	11.022427074183058
26	6	9.815986165288143	0.378957583762022
26	7	-18.564706064097262	2.999415712740538
26	8	2.665725650742894	-12.147865086378516
26	9	-6.495539926490453	-1.986528615615426
26	10	20.259413880124377	7.585129515753906
26	11	-2.374149620425860	-8.680035135624287
26	12	19.514000869420620	27.794730616800912
26	13	-15.813995607955984	1.284234000211224
26	14	-6.947339799449194	-2.039715320507154
26	15	-28.372994874712205	11.875442129557319
26	16	4.055183534051156	-6.220381436740921
26	17	-17.168438849519941	-3.614607614174152
26	18	17.441516584634421	3.854984688012975
26	19	-4.909954771140575	-11.094293545162531
26	20	-12.511504793820583	10.189233622142977
26	21	-8.764120002967303	-3.859406173518403
26	22	-24.397110888571476	-4.236954416716349
26	23	7.393995266854157	18.432103921980879
26	24	-15.229769944300225	-22.908726091245864
26	25	-3.029612513327285	-10.146591800495898
26	26	11.442533250031762	-8.698211985064242
27	0	12.799758567865354	0.000000000000000
27	1	-3.184865035656239	14.182175283805579
27	2	-5.659178834509544	-6.169182798501644
27	3	-4.534756153799823	-1.760955426847636
27	4	-0.628939407586038	0.372217709572929
27	5	-0.384280951142724	9.046260976030672
27	6	-3.584516100455438	-10.771690632745619
27	7	-18.850042805508696	-7.984180212077570
27	8	4.839605618510245	1.149610370471406
27	9	-7.314551209999088	8.884650135294182
27	10	3.140553825926059	-1.211347917134505
27	11	-1.483689349403018	-10.795589680031004
27	12	21.290761327283874	9.206661537377514
27	13	8.872543074332860	1.578987141948052
27	14	-14.123955421225832	-9.259185650427124
27	15	-4.082890246056205	8.196750125836552
27	16	4.558500446005175	-15.849235274088885
27	17	8.874139533565691	5.655844910221473
27	18	-3.589686286273568	-6.874335932676717
27	19	-6.040167652881872	-7.760828071570818
27	20	3.969067166661472	-3.170353554616467
27	21	-6.663859760284009	-2.134478203592781
27	22	10.069121003319379	7.684282927475016
27	23	-13.077962680549104	-7.797998403232278
27	24	6.024083381889072	18.564343139664164
27	25	2.216484525182445	18.492356866705357
27	26	10.680228841180584	23.103025006606458
27	27	1.216871128934949	-1.600320440663118
28	0	-22.065203072791888	0.000000000000000
28	1	-11.634338802168818	0.914034524107186
28	2	8.137191795350416	4.796435362548127
28	3	-3.530806814079753	5.695532771574438
28	4	-1.923467628874041	-2.841602996644072
28	5	6.403988636389225	3.240048480268252
28	6	12.625833457203798	-10.071233490166090
28	7	-4.884703446282695	9.686061168211282
28	8	3.020621141918650	1.394557132340783
28	9	8.754990143365768	-2.669932691388561
28	10	-0.678149041871886	-1.086656785146372
28	11	-4.379748800171143	10.036889236624800
28	12	0.811101727378644	-20.781127330838146
28	13	-2.267769983341864	8.361827000826063
28	14	5.000145229879441	1.656677332368358
28	15	-12.922712322693686	0.573233123836962
28	16	-5.122625409038922	10.643952288209414
28	17	17.711113755078220	-3.714061140213968
28	18	1.930099410978880	3.730270304646421
28	19	1.317978099827394	17.657864535141403
28	20	4.110220181018764	-0.351775279659179
28	21	4.755672317224146	15.927784092672375
28	22	4.904586204190639	9.371065597757255
28	23	10.251020497350376	0.478082377180005
28	24	6.677318869368826	25.943753337817551
28	25	0.897388588883531	-27.387262516970694
28	26	-10.850699908665892	0.356500824719091
28	27	-4.442333374308672	3.459198616047298
28	28	-9.670109525581349	-5.372483150776718
29	0	-18.568798538593981	0.000000000000000
29	1	-8.325693013384427	-7.512071135579483
29	2	-2.289662202006084	3.858334761610201
29	3	-4.419443695099995	-4.389302103524858
29	4	5.229333572640612	9.699321851308342
29	5	-6.623952621076439	7.851715504041083
29	6	-4.775067788027903	-9.513967973286258
29	7	6.887905114595351	-1.263525953107117
29	8	17.894105147891658	-3.775383793289006
29	9	-4.521572407031146	-2.272988697233477
29	10	-17.106038776184416	12.571181360206557
29	11	-8.798574010949640	5.829216451876056
29	12	7.076971294471984	4.144330044591341
29	13	-10.499748730656155	-4.135181042662184
29	14	7.116110055932618	4.969792194311970
29	15	-2.731797512668209	-11.660791128498504
29	16	-8.916949675677733	13.248248913420609
29	17	4.418716729332080	-5.448645179541997
29	18	-7.596797276628198	5.041150780057204
29	19	-1.474700854809988	-8.488329514905203
29	20	-7.127403036606779	-6.921257526322271
29	21	-1.746118337045786	-0.781559366816926
29	22	-3.367652967681392	-3.129646732537366
29	23	-2.291870317770216	1.627314106769619
29	24	15.557566884654904	-7.908447951946601
29	25	14.894624435666007	9.926069600960943
29	26	1.617508943376819	18.468035269816848
29	27	-5.022794480784226	-0.037188261933778
29	28	2.990753806933246	-4.795528678464328
29	29	16.738912531408889	-15.159490264354327
30	0	43.429304611518262	0.000000000000000
30	1	-12.885942092303125	14.865243687034512
30	2	12.150781347056068	-3.242310288749481
30	3	-10.921246053810368	-3.615091958189744
30	4	1.780487729383794	-1.172082393747410
30	5	-11.879012186369483	-3.983966636446532
30	6	2.028992595328077	-5.855607745752562
30	7	4.209581318956859	-7.276337863456745
30	8	-2.700885413602435	-18.759567601416002
30	9	2.485070416624283	-19.615959891099155
30	10	2.202171564355226	19.119259827099981
30	11	-17.521971336061721	-9.074793360511132
30	12	-5.194280504620138	12.670191507831960
30	13	4.229826060274525	5.501716899756970
30	14	-5.252787016353369	-3.667651346389190
30	15	-6.516257641368408	-6.335465788864187
30	16	0.319174241682421	-7.381429474442593
30	17	-10.382252930971097	7.158227825431074
30	18	10.933049376775429	-0.806468777104970
30	19	-14.420633139510187	1.901137047541228
30	20	0.976561810882441	-10.411423989076393
30	21	-0.845748107671509	-9.753435718055169
30	22	12.020477169107419	12.019579519779578
30	23	5.365714640833175	-15.974984407983685
30	24	1.571976575990958	-4.799877547683934
30	25	6.129320145386399	-24.018722807843542
30	26	-0.346884747204499	-23.912573493952543
30	27	10.643981234264897	12.474899170036386
30	28	7.331538042062107	9.175365743252909
30	29	4.204340820370120	9.455731396192569
30	30	-7.094795506786822	-5.088332264859125
31	0	12.816619258542653	0.000000000000000
31	1	1.349843398340585	-16.877915248297167
31	2	-2.277052600729721	-6.529186899408288
31	3	0.482111223716335	-2.597307592150933
31	4	-16.346754478829709	4.761041908657900
31	5	-8.456478831057735	10.262664646368103
31	6	3.854346452426111	-3.572989022323523
31	7	-6.371651250807838	4.701491693616489
31	8	4.000033673061609	-1.203209780703423
31	9	3.414879955118589	1.520027138717682
31	10	5.231317891217700	5.475580197344163
31	11	-2.929546869091991	14.873147723004919
31	12	10.640374644375353	0.875096912581430
31	13	-1.407063050437502	5.169123619203707
31	14	8.868799679165670	2.668046638219731
31	15	-0.432084438431419	5.634190714708899
31	16	5.090691574523990	-11.198716795521124
31	17	-17.747796139063801	13.899560749013411
31	18	9.419994206749072	-3.306630540910786
31	19	-2.154005401460569	8.367760889189096
31	20	-0.592689645427979	-1.306911901612895
31	21	-3.871135167898008	-3.538833047509401
31	22	2.335997242094814	14.701242622935345
31	23	4.596569506405837	7.930732090449816
31	24	-5.988659126028772	3.549343631967603
31	25	-13.857179264429201	3.071005542950473
31	26	3.522190583009329	-8.113647758083742
31	27	1.090454472261785	5.429168213696460
31	28	-11.420195114437218	-9.961836162150158
31	29	4.001688501928616	-8.074864927168528
31	30	-1.504884605023433	7.679398394475036
31	31	-4.163022008837348	0.635727351669273
32	0	8.604381321346736	0.000000000000000
32	1	-7.170406157334909	4.019610338135648
32	2	-8.397805119658909	-1.018148899350716
32	3	-3.798096239612679	-10.965230960522637
32	4	4.356502965515087	-4.462827672189907
32	5	8.503567324674735	3.461882233888269
32	6	3.401374795639531	0.762974401378426
32	7	2.929085577516058	3.658102557993705
32	8	-1.012974586602765	-7.862182672730996
32	9	0.188323098494703	5.053166910191115
32	10	-4.743452697718102	-4.307196214350489
32	11	-8.727380250829700	-6.763420424420421
32	12	15.523502626867398	-18.666072542401924
32	13	-4.971385931574712	10.307281150777941
32	14	2.897478101322644	-5.929170274329278
32	15	5.334203342467408	-2.043877055242669
32	16	4.992207839308077	-6.933257726639634
32	17	-4.304775823351391	8.480611647023862
32	18	-6.978058576929055	7.764907399111530
32	19	3.957785546421690	0.837535237921275
32	20	0.891587111988925	-4.073201073040835
32	21	6.459265787311961	11.106251908086511
32	22	6.304139504460855	5.055087144196853
32	23	3.780268663841747	3.108787703053269
32	24	1.110150069942983	4.037309267094044
32	25	-21.004164910383931	-8.590963646767344
32	26	-5.044349573062936	2.013358296928474
32	27	-10.011587512889562	-12.396899543494373
32	28	-1.565962468466725	12.282734567882910
32	29	7.527511075400580	-4.370362634587361
32	30	-4.271744175512775	-3.424150335884923
32	31	-4.926090303955442	-7.154402608417699
32	32	-7.798464237250026	-8.053337532488815
33	0	-3.180403542981290	0.000000000000000
33	1	-4.860865273510781	-7.885634903705134
33	2	3.289254553619676	-8.616238528962629
33	3	-5.476294818463654	0.110914901128400
33	4	0.559185359977321	-7.729425773014330
33	5	-0.268055129806555	1.602167520464297
33	6	-0.255885165942545	9.974308133138608
33	7	2.673113600942633	0.307219971007499
33	8	4.481945358101577	-9.861328383042315
33	9	18.493663037200140	11.595963282324650
33	10	0.824570560397228	3.387486805711193
33	11	-2.092004426469240	-6.758273702645310
33	12	0.857638286480472	-15.063208208961345
33	13	1.167638732485088	9.192650529493726
33	14	-2.082997747756577	-14.654256149865928
33	15	0.918498771919972	5.236214703600726
33	16	-11.793905828854310	-3.241715777930413
33	17	2.668455074576427	-3.582229998256635
33	18	-3.313519588966903	7.801721511993464
33	19	16.871818064254171	8.515595790329602
33	20	1.049931330402102	5.889683883959179
33	21	4.326072984692988	1.158716955547076
33	22	1.260984868898131	4.545593557532839
33	23	-0.920498801992907	0.994171230441965
33	24	-2.703721908639106	5.016440337766364
33	25	5.846953354033236	-8.961273200977608
33	26	-3.191257330291381	-8.313743989987257
33	27	-0.164720309274153	-4.368855321334367
33	28	-6.918147330817848	3.513214477911862
33	29	-23.928204977394298	-1.391485298624277
33	30	-1.379918401591815	8.096454832426412
33	31	-2.280322003402917	6.675244954731165
33	32	4.040830406833580	13.684941755738713
33	33	-2.654326559911497	5.457194916637424
34	0	-8.525163211345689	0.000000000000000
34	1	-3.669184115106773	4.015913873267553
34	2	-9.552082141808841	7.219402139601612
34	3	8.087787584873166	5.058871818442555
34	4	8.388175862513377	5.881385272902087
34	5	-3.173865504187130	10.517519545642054
34	6	-7.428707494497859	0.714385564773736
34	7	-1.868618750944991	-10.993047512480802
34	8	-1.269027549985085	-3.755484933818250
34	9	5.867118332573371	-2.409449819425797
34	10	15.786639494595514	-5.244394982866456
34	11	-2.929588775634532	-2.998991478821502
34	12	-8.852172885235065	8.236235181580765
34	13	-3.452869594487579	1.237189918844918
34	14	-2.264495567527304	-10.780507123484048
34	15	10.682879287057434	10.069004892317867
34	16	-5.779778059120825	-0.216347459413592
34	17	1.703796425113310	-3.494752304469071
34	18	0.051027802148697	3.671959205107938
34	19	-2.429142866232010	3.794343121337433
34	20	4.212077387517423	1.818586335669532
34	21	-13.445402819641055	-2.355352386006407
34	22	1.444826243769251	-11.993670966481373
34	23	-4.343893354547549	-9.836440425278999
34	24	-2.662709970590219	4.026627733674221
34	25	2.054034699641708	-17.733464535645592
34	26	2.160293419141520	14.850998358692200
34	27	12.015414774990219	-3.656535541285858
34	28	2.193905561786047	8.141127900041129
34	29	6.381454535164172	3.289811719932233
34	30	23.005823412059335	4.501267731397655
34	31	-10.440729292548575	3.996442079788716
34	32	-4.257813566883605	1.956600668366080
34	33	6.722177365092255	-3.794498786256778
34	34	6.246002903092661	6.689999183308927
35	0	27.829249134191279	0.000000000000000
35	1	-11.009264930288134	-4.105889396159874
35	2	7.964256606740858	-5.099825888194506
35	3	-7.627670789327371	4.762107027257863
35	4	0.996672862823500	-9.336825606974461
35	5	6.208898041656331	-10.127053519126159
35	6	0.241991362817762	-4.926086149082073
35	7	-6.053221194592465	1.227708033026975
35	8	-5.044166588138357	-6.550675076197059
35	9	-0.424214306988462	-9.909606797283381
35	10	9.037440869087057	0.305792382743780
35	11	7.330688552767648	-13.242129166058282
35	12	2.335464105239894	13.200759268608682
35	13	-0.885291213958570	-0.306844031385299
35	14	5.127952185696433	2.869208817760518
35	15	-11.079490446010476	6.183614741162369
35	16	-0.919677770094519	8.650773276978017
35	17	4.358022456635500	-13.539672491130711
35	18	1.003033931049789	5.441092727544312
35	19	-2.931021512833977	3.611890943454538
35	20	2.591675548582026	6.389174287051369
35	21	5.771597490266839	-7.959096761368142
35	22	-8.890438883979503	3.763192444629524
35	23	6.568322826006663	1.180456279442637
35	24	-5.569505791254582	2.272958925406403
35	25	8.113568179251384	-2.917629088561820
35	26	10.456663335414197	-16.343917447601314
35	27	1.687121783395948	-10.432027612540555
35	28	-6.467039675643849	4.751881121865059
35	29	1.448282572551948	6.682700271026834
35	30	2.684107913343269	4.804165538101475
35	31	12.409977238684355	5.177201109065040
35	32	2.056290427303904	15.239688959652588
35	33	-6.742741849133386	9.151806717447302
35	34	-8.565897946369336	-8.235531037226036
35	35	-6.908980151596561	-1.361186754339566
36	0	9.571619962032930	0.000000000000000
36	1	3.642879436866649	4.034496201579624
36	2	-4.468838003857849	9.141878312073496
36	3	-3.533234130841406	-16.187809339760175
36	4	-3.821075907542636	2.911070113447552
36	5	-4.537413854084156	4.353816146873059
36	6	-2.557940543480923	-4.532188434707972
36	7	1.370805898619712	5.558502849005557
36	8	-0.883898553122324	8.984510816163837
36	9	1.987186211814978	2.828336529939848
36	10	-7.459935125265852	0.676732483148552
36	11	-1.478722413920173	4.705717135986470
36	12	0.693458194747094	8.118831482231968
36	13	-14.296143810883596	1.353070254227150
36	14	7.915692425389854	-3.064233240803103
36	15	1.682860440451893	0.945917392457368
36	16	-7.203771320486485	-7.125155600998367
36	17	5.325868658520818	-6.490252898533034
36	18	2.006563208683561	-1.584968557885716
36	19	-3.741447933741962	-1.957254556815516
36	20	1.476406159871209	3.985071829864799
36	21	9.588724038804068	-1.085742436440341
36	22	-2.936137294303409	-4.165438707122170
36	23	7.292209819277753	4.419113040856630
36	24	-2.084133764020425	-5.251065388056182
36	25	-0.703824591946146	11.187472541444235
36	26	4.237869106813309	-2.210195277151347
36	27	-14.754100755477973	13.796861120091380
36	28	2.708374845580590	12.238533708057556
36	29	-5.171252919758150	-1.976543850736377
36	30	7.037820250747020	-4.039113094686097
36	31	-3.590130899267184	6.382931071959192
36	32	-24.916707306460488	-1.896571623608373
36	33	6.024242136177989	-4.823461574021232
36	34	17.762385493027221	-5.026427351904353
36	35	7.955801747785809	-3.973734350634345
36	36	-2.720301282434509	2.208124769027713
37	0	-15.569104700053650	0.000000000000000
37	1	-8.208826404440696	1.912620782002251
37	2	-0.053800463942533	17.727656528321155
37	3	-1.650950207387675	4.740037233264031
37	4	-5.553366785718922	-0.604237109849589
37	5	1.408446245088350	-11.612235756180899
37	6	-0.279599518010134	-12.081666806990631
37	7	4.589778371015622	-2.351389174990990
37	8	6.836176962516991	-3.438536108237949
37	9	7.791000670555350	-5.552549336045947
37	10	2.014165842942844	3.572194052197502
37	11	-0.204225163453523	9.309344494947952
37	12	2.969028779059270	-3.779213309134627
37	13	-8.356236571274552	-6.507156310842687
37	14	-4.633093991488068	-6.114305277296511
37	15	6.724861820378206	-2.435133746128467
37	16	-4.961577536082470	-14.178832887366362
37	17	7.687691807722664	-5.700376132122450
37	18	5.361324656738095	-2.182829578983001
37	19	0.790842122061702	-3.387609675821929
37	20	5.415700547076495	0.475748546190949
37	21	3.774019867386725	5.535038173319423
37	22	0.049854620155644	-3.256904173187236
37	23	-5.943680175490737	-4.314211543193736
37	24	12.586114085931531	8.560361805749364
37	25	9.537458190792696	-9.773086956941906
37	26	-5.259837892812456	-2.751628633974282
37	27	0.745454173266058	-0.196188178967048
37	28	-5.585474000949255	3.310734226505523
37	29	6.067337734780411	4.806995293573785
37	30	-0.131105926412460	-8.081934866017805
37	31	7.496453636728309	-4.490146978005298
37	32	10.796636267639229	-4.957472859308085
37	33	7.842544080206854	-16.979497178960244
37	34	6.707206462185529	8.246732910351447
37	35	-7.222718005306723	-6.413273974515248
37	36	8.157682310250735	5.658675044487969
37	37	5.993141078754660	-0.422294865478470
38	0	11.019536275059053	0.000000000000000
38	1	4.395113899770164	-10.009728233360974
38	2	0.056881141439075	1.750421327166641
38	3	-1.418601109387932	-5.349157908102993
38	4	-6.385590966378105	2.391198014627563
38	5	-2.273235479352164	4.847909720721204
38	6	11.473408341639571	-0.642848333272424
38	7	-0.871717547712397	-1.880141039617816
38	8	-10.469251925469905	-2.182038883729812
38	9	-3.254835374659626	-0.857250041595444
38	10	1.266155554537959	3.920503043904737
38	11	10.838751355400476	5.974336464831662
38	12	8.755874274482954	2.806937373487840
38	13	-0.818648335376044	2.842445540122305
38	14	2.921891449225891	2.553547355348321
38	15	9.406666597137770	-0.359900758131127
38	16	1.975420370545369	-6.388504239239950
38	17	1.071642979510512	5.240173266967862
38	18	-8.930230246319402	-0.755324617398320
38	19	0.396359967276272	-3.278726130477438
38	20	-4.436797342225355	3.134199564589558
38	21	-0.245050252376700	4.789734520393472
38	22	8.635999506432098	-5.815562774994511
38	23	-1.982226081606817	2.522090134865714
38	24	7.452667904905723	2.729885372047125
38	25	-7.692628654002718	4.623136109675896
38	26	-2.444755405826797	-2.895703725858119
38	27	1.122817634248146	-0.261739361603249
38	28	10.370435621480857	-0.850696896772513
38	29	6.868273007901850	-4.025968971248996
38	30	-3.030687635262657	-4.738345297369244
38	31	3.263176586374091	-5.966990351026861
38	32	1.686885337877865	-8.299991577368434
38	33	0.762305499700096	9.304201078153756
38	34	10.523194684810271	-14.728412866929434
38	35	11.361419167571139	5.257749591486111
38	36	-0.910826726261891	4.616155189339741
38	37	-4.839280300596553	-8.830021233175774
38	38	-2.510798138642488	0.810113367086155
39	0	2.172150285094681	0.000000000000000
39	1	-1.127457111569622	6.897051261432804
39	2	2.940783312733661	-4.263111380789078
39	3	-6.385099801964890	9.749849750253533
39	4	0.488335952170528	10.047619659987193
39	5	5.931252216209530	4.582969673841276
39	6	5.171470327977217	5.390998410624841
39	7	-2.070989081637723	-8.817243757811607
39	8	-0.337315931541627	-7.162166214245630
39	9	8.536576076460349	-6.448853250979987
39	10	-8.711277839867677	2.097523053713838
39	11	6.450782690061545	-9.431748787001998
39	12	3.787871679879536	-8.789518551709051
39	13	5.704148189270096	-7.741474699474168
39	14	5.048502317146626	-1.856917413855633
39	15	3.926157851530501	5.834721505465190
39	16	-1.549178119392693	5.677440844789746
39	17	-2.015551924000743	-1.712815442375749
39	18	1.162680259851389	2.455540900060396
39	19	5.387568183192171	4.849486155371765
39	20	-2.057313519349244	12.926183752417577
39	21	-7.011959619302827	-1.847454708979740
39	22	-0.398520684499396	0.308520977169573
39	23	-9.506850093480439	4.217977858129519
39	24	3.534951482723145	-7.618070180126966
39	25	-2.430518020224217	2.041967191123049
39	26	-0.958070916839916	-17.349594884887445
39	27	-5.255620331253871	-9.395845496132305
39	28	-2.837730553227099	10.284919104704832
39	29	-6.461072049442654	-5.853723027482503
39	30	1.422009516085883	7.187332921128737
39	31	-3.825608986290468	-8.280632927243591
39	32	-1.472993868987637	-1.872639173360174
39	33	-4.317413163541187	-5.401817011702193
39	34	-3.278056345219704	5.436869476167596
39	35	-15.344843433044007	7.913943434359921
39	36	-4.046385729374284	-9.095638228350797
39	37	-5.575900939139042	-8.598619197459193
39	38	4.241948362058221	-13.083135189088315
39	39	-2.335610213139685	0.792883310833927
40	0	19.789090242747566	0.000000000000000
40	1	-4.303849590501700	-1.724661700511061
40	2	5.506429246456522	-3.074761462340759
40	3	-11.102753246099136	-3.506104223124292
40	4	-2.463966686319162	4.823540354437454
40	5	12.459601257837283	0.571349608742083
40	6	13.360739801347973	0.391294945747566
40	7	1.973942528544261	-1.159744559908317
40	8	1.244434976094457	-2.169907003581107
40	9	-3.294265028208934	-1.916176069981455
40	10	5.935886390905392	8.436903935922862
40	11	1.410171027203068	-4.066107275475253
40	12	-5.683713668134287	2.382516838576005
40	13	0.545144764179789	0.250602820956975
40	14	1.501510954938420	-1.341159881353980
40	15	0.703476547070714	-4.959810056197758
40	16	5.540009954303264	5.782542759280150
40	17	4.933062148216066	-9.685812973701159
40	18	-1.821054532678432	2.903291488945623
40	19	-2.795713760168774	-1.072746534287798
40	20	5.738123116004769	-11.195270794801317
40	21	-1.379219024641753	3.060023122149141
40	22	12.258549881961946	9.922349255620047
40	23	6.078630940431686	-8.157480855669546
40	24	-3.821985074726072	-6.001405554511165
40	25	4.425829891811346	-0.865885816624163
40	26	-1.669484610015997	-4.884758417433580
40	27	-1.206408204709695	2.082525896668768
40	28	-1.423862113491206	-8.243538264045636
40	29	0.725353381388426	4.031820311921630
40	30	-0.126448390999333	6.777424338651135
40	31	-7.521904525319035	3.937869352174141
40	32	4.013072712885673	8.597606442763228
40	33	0.123307555333562	6.815062807260942
40	34	-1.194200799989833	-6.711769490329168
40	35	7.344668348603942	-4.975575622271951
40	36	-1.052718708997536	-8.942018748682163
40	37	-7.241543854835683	7.065601879144247
40	38	-3.835668044347090	-1.239791491818292
40	39	3.483669199553007	-1.859218854887718
40	40	0.267187626972705	-0.786798864672209
41	0	8.516802545932425	0.000000000000000
41	1	-9.772956568536072	-2.400877038612963
41	2	-6.834618402142596	-1.618643924909838
41	3	2.707661298549203	-0.600960024033781
41	4	7.897855884926762	-3.409626027284505
41	5	4.613776730753612	-5.898727241532839
41	6	2.034646942867837	5.426181352786327
41	7	2.122414163859676	-1.785679651398899
41	8	10.804597800338811	3.108480929215884
41	9	-6.271943231629945	-0.201105951372838
41	10	-2.863956373469720	2.456233077000308
41	11	-0.510530412695788	-6.365172090356672
41	12	5.193832169555050	8.606406496646168
41	13	-5.222042155451530	4.526753015054617
41	14	-6.065477061553736	5.857446102098861
41	15	-2.751225758743799	-0.637330252823844
41	16	-2.604117660086300	3.035941295622158
41	17	-5.246403153575439	-2.900614958877635
41	18	0.939189463475108	-6.306029342682764
41	19	-3.267956188870472	-0.442448484788956
41	20	-4.759935249948729	-0.262222532494090
41	21	0.294719536589906	2.387048606961973
41	22	4.217172079922177	-8.485396672781407
41	23	2.591502444041813	-8.811355935338032
41	24	-5.212315352183484	8.155525497528485
41	25	0.876227640369082	-5.307269240022571
41	26	-1.019237157059320	6.539532963104039
41	27	4.090479483318628	0.357324255107211
41	28	-1.259085418548850	7.602204317417374
41	29	1.291358952681378	9.163321177844743
41	30	-2.386644435646650	4.766278921817555
41	31	10.408992157117597	-1.372788330083943
41	32	10.747926621289858	-9.970117842335357
41	33	-1.156305844263225	7.106371210083473
41	34	1.860158094738237	-1.668310706855844
41	35	-15.364682044228688	-0.670618057709656
41	36	-5.346994056975134	5.629907430499368
41	37	-2.867522659796862	-15.825372560185075
41	38	11.148037920086521	3.611568492331448
41	39	-10.409744815879206	8.635132825444895
41	40	-9.768643237597630	-1.750527724746903
41	41	-1.399812392442255	10.284354956274033
42	0	-13.171294962411466	0.000000000000000
42	1	-4.862924491147354	0.181140449900465
42	2	1.198897201503693	6.249755326892902
42	3	1.029476438958868	3.688124707239005
42	4	-9.209939541973498	2.160793314127995
42	5	-2.132944160498909	1.214911337359540
42	6	-2.836155808060584	-2.524011140530682
42	7	5.237038687969788	-2.449031194673324
42	8	6.005826017133467	-6.338080028740262
42	9	-4.465083368903128	5.480444995162354
42	10	-0.703830955601706	-11.422914236801519
42	11	0.444127695075848	0.561688082035639
42	12	-4.466998528049948	5.587969911695136
42	13	2.834817186473244	4.648917713419397
42	14	5.656884030584861	-6.474273420021876
42	15	-6.847002928536293	8.091852166043781
42	16	-4.002854421668386	-0.003626230824337
42	17	-2.646798669635595	-10.591980631074129
42	18	11.139530722049617	-0.012253601969791
42	19	0.310128550333403	-5.654822148635230
42	20	3.819469083485348	-2.315670816493624
42	21	3.393924141867119	-1.152841444941856
42	22	0.820310034231391	8.775567937776797
42	23	-0.527215245548974	0.267645329669644
42	24	0.570982087455426	-7.933926524911111
42	25	1.864664196688045	-0.012966408332563
42	26	-0.166987819062955	8.520709845705506
42	27	3.418829639422753	-0.630296130051232
42	28	1.477733311243871	-9.505868019430894
42	29	-5.373838536787110	-1.726654533353741
42	30	-5.169531584307548	-0.480020011690408
42	31	2.836715043250105	1.331967975113680
42	32	-6.710401010125145	-9.288153184244543
42	33	7.063126590717734	-2.622694839153650
42	34	0.777145832775018	-15.519371582924654
42	35	1.487823477058544	-1.169666452989506
42	36	-5.370221080508199	0.425041989228509
42	37	1.898560407474743	12.967734026408261
42	38	1.869676305126351	13.234800452145571
42	39	9.522550225042981	10.688565331390057
42	40	6.874450024683619	5.485257671215116
42	41	-2.006232081599100	1.934707621564999
42	42	10.372271039206085	4.928014311014810
43	0	6.881845054133609	0.000000000000000
43	1	-2.371421710789248	-3.831996373168093
43	2	2.682852737090906	-3.211273554968580
43	3	11.574832043403752	-2.257672917688556
43	4	7.715513541178826	-0.511552538723743
43	5	-7.971745755427096	10.244593295937165
43	6	-5.246266658862651	5.177020835881805
43	7	-6.002374823107211	-0.142056232673337
43	8	0.346696801690906	0.273843748883704
43	9	-7.686742622917439	-5.521500669510942
43	10	-1.148166623354648	-1.462874729713902
43	11	-14.163769476357519	-2.645680005092131
43	12	-2.187263764838325	-1.426182952759141
43	13	-0.990670707767845	0.304209527315130
43	14	2.572564098734234	-6.407480919854756
43	15	0.190230960520090	6.509041760057658
43	16	1.420917859967207	1.196303569908914
43	17	2.840818917289701	-2.117611386614279
43	18	5.909254081450861	5.374615816985109
43	19	-3.844351139844882	-8.383567738320133
43	20	12.780876800978472	2.238156134679165
43	21	2.839581088228506	3.338204735341797
43	22	-5.322712470216107	5.625228486410064
43	23	6.739122404268771	1.938456967071468
43	24	0.003649818804861	-4.099140574651550
43	25	-2.224381888688972	1.078994243086554
43	26	4.836358535110287	-0.423717268353663
43	27	-1.310982524195504	-0.106138126644097
43	28	-1.158215414366394	-2.810279005273874
43	29	1.628352810871654	0.990890642687453
43	30	2.330733993831601	9.763374260171087
43	31	-12.063830799493511	-6.466652429801573
43	32	3.105678241206465	-7.298257780076319
43	33	1.782968853139655	1.428372974931081
43	34	-1.290437906143064	1.842245511114861
43	35	-2.800062416754375	2.924997837287421
43	36	-2.084822003352757	2.023178305822405
43	37	-2.557023635708444	-0.079329899746464
43	38	3.874552759172714	-6.776761147122603
43	39	-0.431371624782463	-1.456872665548007
43	40	-6.889803169161538	-6.903831108574437
43	41	3.025697697299089	3.097215758130082
43	42	3.798899458868873	-0.571146907955274
43	43	-3.539017733501496	-8.587577412795778
44	0	-5.714128754287956	0.000000000000000
44	1	1.496501483488925	1.838057684808250
44	2	-2.609153798764564	0.527948526621451
44	3	-5.846795121780595	0.468722398148787
44	4	-1.498184264183909	0.099962626517297
44	5	-0.242692949136286	-1.346866524321605
44	6	6.582818353316410	-1.452624140402770
44	7	4.161541278671675	0.520650955447854
44	8	6.419333162166713	-1.719161580131398
44	9	10.417783839242931	-8.334868485538117
44	10	8.969249403495418	6.833637514600395
44	11	1.855589022517350	0.597526327841509
44	12	-1.935774967693440	3.243628204320608
44	13	5.660096214765172	-4.184938946314339
44	14	2.613291253925175	3.509616979375333
44	15	2.976476902844627	-1.904646210424939
44	16	2.432410637203134	-3.995562607296975
44	17	4.564742974838542	2.394155625666529
44	18	1.452326913722081	6.867829878343058
44	19	-0.729924820993216	-5.881825809553992
44	20	6.904960731331417	1.106337744993773
44	21	-6.346244269912894	1.548971167449992
44	22	-3.816928000098035	2.462008563522903
44	23	-0.432995795110341	10.222079130298491
44	24	4.563162287829389	5.184316654977986
44	25	-7.044688693540913	-1.270339332137547
44	26	-0.560858392529539	3.640721603091158
44	27	4.714252181777606	-0.374158192415398
44	28	-3.773104083783783	-5.848571603050586
44	29	-3.782137359981379	2.869529510954325
44	30	-12.333535643907158	-3.433521886466439
44	31	2.418964066160787	4.271839361761676
44	32	0.719135406913859	6.217873220223149
44	33	-2.578740580582620	-0.726444052927909
44	34	0.423251455022726	-5.837491058496122
44	35	-9.184933153209274	-1.754077632421973
44	36	-10.751339535181339	2.362827314227530
44	37	5.979594490820073	8.654550905594098
44	38	-8.286144893342597	4.703548940447526
44	39	5.797972917852549	1.340349527948002
44	40	3.302980424828992	-10.439790349925245
44	41	6.399584829673546	-6.245880515689922
44	42	0.232327694659307	-0.746864627948576
44	43	9.504710381959207	0.098031038338622
44	44	0.201624797359166	-0.026088943974447
45	0	-6.538435546182835	0.000000000000000
45	1	4.631180782221646	-3.194927337481756
45	2	-2.709475534143595	3.110872964577223
45	3	-6.559952869480214	-7.257019909543208
45	4	0.756675999253835	5.011709647073603
45	5	0.840227134891213	-6.089557324407095
45	6	5.470103459559660	-4.114931432886770
45	7	3.503848573948258	-0.528048418717360
45	8	5.890594101870547	0.565607317822932
45	9	3.053029932456623	-8.392272778891940
45	10	10.200908083343167	3.590148360727626
45	11	2.197518136282710	2.881346411515233
45	12	0.327322631289741	5.662194350835955
45	13	-2.852361009065005	-7.503181215352253
45	14	-1.441407464812721	11.614682082558209
45	15	-5.836688718100802	4.349504842681679
45	16	-0.168277551388838	0.255898931051408
45	17	7.023296235605983	4.513782466025027
45	18	-2.554688447214503	7.957829313784909
45	19	-8.304098887727942	-2.012235004862098
45	20	-4.807144994606769	-11.254198434091197
45	21	-3.782153715035129	2.850835781025659
45	22	-2.878851680729764	-0.074841501950694
45	23	-1.988791877239006	1.432428836396491
45	24	6.905721052245953	-1.867177963286028
45	25	8.661199666911244	1.392798684118352
45	26	0.243275060146315	-7.377441462053690
45	27	-6.600135412056602	-1.112823453389209
45	28	-9.326328890090613	-3.808567259472484
45	29	0.260956393272735	-7.099099935616696
45	30	3.813302137126015	3.576891762460416
45	31	-2.214252917422387	0.850766924010275
45	32	3.728012407060569	5.652415861597059
45	33	-2.796124350134169	0.790238132253668
45	34	3.186525049408848	-2.915729248467394
45	35	-4.349268818354361	11.264117168698753
45	36	5.835617864409619	-10.420965069576694
45	37	-4.543545248423066	4.589567840516895
45	38	2.468789259288085	-0.742899573595827
45	39	-9.641120987578647	-7.780523131580087
45	40	3.940328432356518	2.440013900659274
45	41	2.463769986639652	2.345195780942220
45	42	-5.951781651465938	5.953889329638041
45	43	-2.602120465897631	0.629145639557133
45	44	-4.917544483839755	-6.988067017670377
45	45	0.756352927950742	1.805294520231940
46	0	-4.610903075453693	0.000000000000000
46	1	7.320561878556271	-1.132428040312822
46	2	-1.921373833551921	-5.976285430972162
46	3	6.910776417257178	4.265492628536074
46	4	-3.696241269756759	8.497056368226177
46	5	-1.120278192175382	-1.028144838351116
46	6	12.014730077028211	5.695960866303038
46	7	-4.373400283534522	0.152092551246947
46	8	-0.686197373498286	-2.571661204024847
46	9	5.432445223964388	9.002099151338989
46	10	7.658705281138933	-1.888737921180465
46	11	-3.998361129765486	1.339474657645572
46	12	4.326906152468926	3.054502117572022
46	13	-4.282922591548380	-4.805563970864063
46	14	-7.649634104549650	3.474095811532212
46	15	-2.604686006526415	-5.679847867903131
46	16	-2.434304990816273	-6.591212080996592
46	17	-4.165414602940357	2.241181281452938
46	18	-3.946452785004916	-0.133449501832064
46	19	-5.658654069609604	-2.498752681526566
46	20	1.865845849266324	6.078657427998484
46	21	1.618818624516905	5.461518928075460
46	22	-13.714897206675602	-5.238957425237608
46	23	6.291501235179759	1.175117502989961
46	24	1.296098225293473	-0.269398927943317
46	25	6.938897377716793	-3.086035338807346
46	26	-5.142856256982862	-10.761849014357820
46	27	1.809909921617979	0.832521419107893
46	28	1.907696110505821	1.469629554548601
46	29	-0.541819373104868	-3.300990016268869
46	30	2.850693292012193	2.220345897518171
46	31	-1.246271701268755	5.777623805885380
46	32	2.971582286842919	3.351215478914532
46	33	14.696280830181502	-6.319502311997799
46	34	1.856802897333603	2.618308781693497
46	35	-2.182066168324116	-2.125525280635827
46	36	0.431193151388371	3.404712314678393
46	37	-1.767766339292214	5.182018911821357
46	38	4.422326467983675	2.957029291643727
46	39	6.091517381910820	9.162683573823145
46	40	-4.712907401448195	6.208294709919914
46	41	-3.868369673569974	-7.852303862465550
46	42	-0.578470203854294	-4.516052100816793
46	43	-9.284399432398322	8.257086384572236
46	44	3.676367154426242	6.143106718398445
46	45	-1.761029961191387	0.442622854957860
46	46	-4.756393815358529	-4.197998538657376
47	0	6.575588815227606	0.000000000000000
47	1	-5.989803903813749	2.284107502234548
47	2	-0.149496954209722	2.028392100426872
47	3	-2.837115736193921	0.522590529006303
47	4	-1.006185686087677	-1.468353945356544
47	5	0.856047081983428	-2.162993552704325
47	6	3.746028077960320	5.611666701825338
47	7	4.655813427792183	0.563071395267054
47	8	-3.514666735963210	3.806524046169332
47	9	-9.641947582017028	-0.729692602647830
47	10	1.288605603541023	-0.675797103683662
47	11	-0.012842753573866	3.829356312343098
47	12	-9.281803814711617	-11.093412847099302
47	13	-1.330234864281190	-1.425103714410824
47	14	-1.428474975691767	2.182956256563823
47	15	-1.274887708169677	-1.291230986001415
47	16	-4.252502113567424	0.147486300414141
47	17	-8.007406586297559	3.515561205661444
47	18	4.546967805618861	-10.078313800330973
47	19	1.815304145425722	-0.620853033593938
47	20	8.161409926095196	-4.725688944914204
47	21	0.449593010447964	0.575378792180766
47	22	9.042589236552926	-3.066065494926262
47	23	6.187992627924269	-0.178685177839703
47	24	-1.471494797236648	7.329442610615740
47	25	6.983798657772023	-7.276600892906040
47	26	0.181181273639979	1.781336643146334
47	27	-4.759263835545307	0.189378952719070
47	28	1.141805106188467	4.698723861097458
47	29	-2.363510327309953	-1.511722558967541
47	30	-0.372231878898608	-2.160660108474471
47	31	0.461445920434748	-3.556295381505427
47	32	-1.463330536606307	-0.524777830478638
47	33	-5.509782475575870	1.831461873265444
47	34	-0.070206429687859	-7.656355316704257
47	35	-1.381764877728307	3.308032962259265
47	36	-7.114374581865333	-2.135860941594100
47	37	3.747589508598101	0.561589398044068
47	38	0.313861795289614	3.204344275104767
47	39	-3.745591984335684	4.982305894898325
47	40	8.382575317958866	-3.896522929723639
47	41	1.562571810908582	8.655572389049153
47	42	2.595991279632204	6.408894830755534
47	43	-4.295330736339779	1.880666731106427
47	44	-3.411004898093497	-3.327208441284008
47	45	5.613500679704550	-2.930437561257849
47	46	-1.271120477187713	3.737622856885942
47	47	-1.661259887630910	-2.369893569157654
48	0	0.396218748368122	0.000000000000000
48	1	5.722766119626712	4.546206254526427
48	2	-3.392549242894123	-2.241576015405763
48	3	-2.818744162675439	3.606546676393002
48	4	1.845808035767847	3.042593576824518
48	5	6.139113769490776	-4.363758760809473
48	6	-8.101295511578815	-6.425654659598762
48	7	-0.848086116056729	1.142843936442867
48	8	-5.454879129231831	-4.945216306438236
48	9	-1.899401000944895	2.257868658945710
48	10	0.341701032336261	-3.728801320610778
48	11	0.095900667652898	4.830982005602687
48	12	0.172498931104338	-5.544809806883282
48	13	1.126601199177264	2.411784360813248
48	14	-0.631721620426458	-7.275998020391111
48	15	7.852364261148943	-0.103303237997453
48	16	0.624888745766859	1.498177428404643
48	17	0.357135474643597	4.916348635260020
48	18	0.102775900263966	2.653042397335207
48	19	-5.793233920691481	3.971842170306471
48	20	7.158518771900075	-2.652019274762017
48	21	-0.582635011008031	-0.358298966061940
48	22	7.966300755932118	-2.688143196065639
48	23	1.900402942516520	-4.325029941981368
48	24	5.524184974513260	6.235425459828794
48	25	-3.872672513885278	0.894918119709047
48	26	2.889056985148918	3.698781070937008
48	27	-10.649907908628839	3.923001318828483
48	28	-1.634589496056292	9.178586944913999
48	29	7.105880754934804	-2.421702910183622
48	30	-4.928443755015385	3.298644671647306
48	31	-3.869902750261635	3.484649825587813
48	32	-4.206213042346744	-2.214084441195858
48	33	7.420437866621802	4.256443234103423
48	34	0.903577757011085	-3.975935694746561
48	35	-3.293230143001450	2.887989074365186
48	36	4.008736915764118	-0.356804733425604
48	37	-2.412607786763351	-1.933901459656323
48	38	5.961138947595365	2.995634742978438
48	39	3.809464568244476	-9.056527386266813
48	40	0.189316316096139	-3.472647932300510
48	41	-0.681733219625162	-6.684109622649395
48	42	0.358692564424860	1.704976594489236
48	43	4.847926614577101	2.694775449341429
48	44	-0.718746776059075	3.241648131464530
48	45	3.801881915709445	9.862191186442248
48	46	-3.374139333643939	-5.052365799571841
48	47	0.483840935132886	7.539931222579508
48	48	-1.307231549071300	4.366402929436924
49	0	-5.640153354324208	0.000000000000000
49	1	5.258767543254804	-1.965735256907305
49	2	0.666194218111107	2.234335840029493
49	3	-0.172849942566843	-0.169338152352799
49	4	-3.458141206189273	-4.965321342189074
49	5	0.449539983193256	-0.090000618813863
49	6	1.786828240278727	-1.094208025052908
49	7	8.135526337659938	-0.444102287566106
49	8	3.478816904258792	-0.458305755215164
49	9	-4.057566339137756	4.525324450065745
49	10	6.726981273711571	0.684412646049597
49	11	4.320895628009912	-1.611995882604942
49	12	8.398469640529626	1.640329776590903
49	13	6.086012768488175	1.041943850450371
49	14	-0.577181480575721	2.989600018104065
49	15	-2.586735326757985	-3.717314568803714
49	16	2.724086937075815	0.830123201453417
49	17	0.232497145692707	2.433299175116562
49	18	-1.146235072102247	5.065694815561349
49	19	1.173922177962853	4.366410931856475
49	20	-0.776459171727846	1.211904171263014
49	21	-6.391042931516887	-0.408647890008976
49	22	3.505545643697271	-4.383645744642904
49	23	-1.601391518826287	4.908440254366126
49	24	-5.420900908860672	6.250594002418900
49	25	-9.988895330420041	5.944339466941027
49	26	4.293829601114462	1.077248494886255
49	27	-3.154723919338108	-5.201284514552739
49	28	2.774026626488037	6.548615544969817
49	29	1.711140702223314	4.354668987219058
49	30	-1.694968659553612	-8.233089745239212
49	31	-5.106521615333539	-5.743037452044073
49	32	-1.978066817473562	3.436968347245621
49	33	-4.313438949959598	-2.180027673707522
49	34	-2.719380031977858	-0.693774532508351
49	35	8.914715653019009	4.375673875612997
49	36	0.808327390191483	-4.588972131144673
49	37	-1.907313252593981	6.385551636015729
49	38	-4.006284214472890	0.317939296226476
49	39	2.324188953079945	5.349480492221089
49	40	3.964905686820437	0.237256099365556
49	41	2.925851946150040	2.541584806208510
49	42	6.263338104012100	2.641998285991417
49	43	2.998814141801044	-9.579660435815494
49	44	-6.410462735218680	-8.702189254538856
49	45	7.351266884611188	2.152938607228566
49	46	-0.975800797305128	3.411942936881335
49	47	10.727377311491193	-1.587830728562950
49	48	0.513709441597525	6.893407079436708
49	49	1.675667649844872	-1.253023253847394
50	0	1.461823431966785	0.000000000000000
50	1	1.236157737121873	2.613203512672730
50	2	0.702976030767636	-0.491947039875671
50	3	-1.419219046704105	-4.810734514321976
50	4	15.313590242982514	-0.750831884095082
50	5	-1.995313470955062	0.537563908238097
50	6	0.567330329644658	-4.083684388981473
50	7	1.774464981084872	-2.253164938631230
50	8	8.192867122473260	1.403977711176839
50	9	-5.354776259694646	-3.118218712848271
50	10	3.252284160534881	0.304913195365281
50	11	-0.637639891256936	-1.297869206214599
50	12	3.421423491525160	2.543707617030198
50	13	8.193553580565897	3.938039416219323
50	14	0.691943731119167	1.517318225391753
50	15	-1.237916715325027	-0.379410696365973
50	16	-1.104700810463184	4.326365836356709
50	17	0.395155793342473	-3.083123900182922
50	18	0.192369125212514	0.370381187184457
50	19	-1.574716158567290	5.564339411155093
50	20	1.946019601912582	-2.688430988129957
50	21	-2.689849838852337	4.785292238031746
50	22	-1.872827527842506	-1.852194174817892
50	23	-3.566685441928669	-3.285908825608025
50	24	-6.945850163684891	-2.438637721223031
50	25	6.712156534205513	-1.548950045054725
50	26	7.836945822097448	0.426100987160398
50	27	0.257604413648325	1.874707510999329
50	28	0.638571002353600	-9.515809874695007
50	29	0.317338622212062	-0.615212769413193
50	30	-0.931565822739701	-7.160036418463413
50	31	0.725788807824733	2.093291195345720
50	32	1.581902898569591	1.479446250960378
50	33	-0.584704049079706	-0.003758056538964
50	34	-1.558757268606396	-3.135263851599241
50	35	8.535179192964742	-5.611283059985293
50	36	0.765764060338291	3.286967711584793
50	37	1.658498066037755	-5.468004353808650
50	38	4.847987408327722	-1.926471030066578
50	39	-1.888242958785132	6.649105392102269
50	40	-2.817086482841932	-3.022875963357039
50	41	-2.372591092123451	-3.226803031668087
50	42	-3.762335780171801	-4.371979538242090
50	43	2.095050307847937	-1.646237273067578
50	44	6.146587140756916	1.447710049602124
50	45	2.432253553435778	1.158437622685395
50	46	6.168669947550329	-2.115978200163103
50	47	-0.751985134797513	-2.798290021936086
50	48	-0.845915969533146	0.884311700999423
50	49	4.436890600231913	-4.844859343594115
50	50	1.036771501127997	-3.126848039277091
